"","V1","V2","V3","V4","V5","V6","V7","V8","V9","V10","V11","V12","V13","V14","pVal"
"1","0",1,1,1,1,1,1,1,2,2,2,2,2,2,"pVal"
"2","sp|Q15149|PLEC_HUMAN",34929973.2238444,35249196.2901862,37531524.1491051,38402755.5622929,38223884.1019023,36924371.4077276,30071571.7476087,43314530.0639528,43485366.3017667,37619086.6122084,37268115.6432523,27139277.8654026,28077124.5499306,"0.695371147014189"
"3","sp|P35579|MYH9_HUMAN",60309803.9557763,57483304.7193805,57183857.6602507,61232740.1682228,58899072.0725883,58725463.0367582,52853065.4957971,69369000.7096322,69196295.8071839,74805769.9300237,77868439.2734307,53875497.1486458,54553652.9259934,"0.796922819029955"
"4","sp|Q09666|AHNK_HUMAN",41863638.3207124,42027887.8844527,69448095.8664543,71967368.6915409,58293944.6197878,58038041.2286356,44196097.8714855,24903800.0177945,22486729.3423585,24041623.1682619,25166939.2696786,20757516.9812114,20540984.2313032,"0.413706614859194"
"5","sp|P35749|MYH11_HUMAN",47096593.1108014,40672149.5655994,41373333.7076749,44601625.5546315,53856343.2992503,52636869.879101,44879542.6839312,6955920.43123948,6839101.06459041,18766302.9766649,19554799.5022241,21160575.5633709,20874441.7675256,"0.449865836207472"
"6","sp|P21333|FLNA_HUMAN",149139211.517538,150486953.392718,172881430.135642,182942260.749505,183555327.349505,180693732.420794,156964491.925018,76026452.1995377,77132788.5162516,113289663.131018,120134866.897072,59182435.1470785,61556261.186665,"0.0952490752625107"
"7","sp|P35580|MYH10_HUMAN",25903126.2109408,25894601.8900983,43294238.4869598,40821826.7788152,33080300.7530975,34665699.7524676,24831828.1855254,11917660.0745221,12318098.0588655,15047634.6448834,16047212.1475651,8061171.6431889,8136363.88382787,"0.294075694108732"
"8","sp|Q9Y490|TLN1_HUMAN",46965769.2410492,43925921.5308474,64276429.152995,63349427.4826799,67068292.6853959,65697884.2334302,50574916.1209783,31890014.5442385,32242001.6305875,44710500.6402569,44634049.0880363,29960687.9405187,29544337.7093094,"0.050545593928832"
"9","sp|P12111|CO6A3_HUMAN",71822304.4939722,67515768.278895,108900524.794844,107799861.086279,88852880.9862163,83570851.2446174,138055852.114022,36163934.0192395,37036965.9756492,93399111.5889313,95581755.4144588,59249611.5774384,59488824.4620858,"0.433301362469009"
"10","sp|Q01082|SPTB2_HUMAN",16614631.4585327,17353450.4813224,27483714.5343841,30389582.1575625,28844408.5834936,28773512.8257026,20694677.4277174,7172326.78499629,7254183.76107757,8096765.63338373,8856658.07051408,7859642.35210917,7402757.30413848,"0.429171114887865"
"11","sp|P01024|CO3_HUMAN",81372446.9858847,77548231.8384095,108161715.26435,112486811.568291,67673420.1381965,63439212.5781702,171544647.923859,15369671.9581768,15376954.6238186,40127025.719689,41038772.0495108,26400337.1314436,26809985.9122853,"0.354166492589478"
"12","sp|ALBU_HUMAN|;sp|Q92985|IRF7_HUMAN",5560014464.46961,5517854957.73299,4654500042.11343,4399685775.05009,3620679259.25671,3653155894.59432,4123450368.4221,1060260792.8368,1083000567.59153,1867982231.77863,1806407487.64941,1760022475.42958,1533904666.62329,"0.467673980449699"
"13","sp|Q13813|SPTN1_HUMAN",11969694.6536175,13138604.5547991,21277714.4782328,21166873.1445709,21582879.1498868,21702888.5135846,13614923.9696361,5983888.7422026,6038138.25282167,6658139.74802342,7061148.80584806,6592838.33616247,6555775.59762898,"0.442804342578563"
"14","sp|Q14204|DYHC1_HUMAN",10008930.964376,9173913.94365996,12336079.7893208,12599575.5786792,12304258.2069448,12373592.5462066,11162587.086307,10931370.9649065,10830005.6759153,10118237.0888009,9470485.85757941,8934465.23786769,8669895.9417838,"0.789435370529687"
"15","sp|P15924|DESP_HUMAN",2741193.0538379,2638788.76570198,1961414.39441239,1966659.56261426,1282026.46266139,1386434.45532691,3870425.96760173,23259984.8351018,22404057.5433057,2204809.58310926,2247320.14143228,8397053.79498843,8669895.9417838,"0.163165910810871"
"16","sp|P98160|PGBM_HUMAN",9443505.90959215,8997671.82877472,14406824.6070176,14136625.7388516,15229040.8954809,15025076.6632508,11970110.4501462,7065732.13223242,7139786.57811991,16085402.5514271,16661039.9346304,6651830.58274344,7336065.79689398,"0.65009297066028"
"17","sp|P02549|SPTA1_HUMAN",28519603.6059853,25759028.058213,16253809.6708723,15723962.9073955,7154759.6404685,6556429.50689189,66521961.7447102,1324848.89259309,1202336.98462406,1435864.621918,1478555.59683294,1933595.31826973,1920635.03937287,"0.502722461982329"
"18","sp|P11277|SPTB1_HUMAN",27996308.1269764,30368538.3423142,15662762.0464769,15270387.0542976,7302495.3680432,7107309.69937012,64699442.2448551,2971982.60362327,3303747.1499853,1419348.14268548,1327973.047752,2057463.88431155,2230250.09832396,"0.518092814280386"
"19","sp|P04114|APOB_HUMAN",23025001.0763918,23318699.084277,19209047.7928491,19503761.6832117,11900839.9050778,12177186.3153144,52169620.6833515,3340278.84462748,3381394.39022613,6265244.23199759,6141518.50693407,4364763.58375112,4403728.95106879,"0.456237046861528"
"20","sp|P02751|FINC_HUMAN",32575143.5683043,32944441.1481355,43737524.2052563,42182554.3381091,37921320.3755021,35549527.7914824,62649107.8075181,25643516.8500062,26620319.2949979,56904273.5421452,64714986.6934593,20690340.5508515,20274218.2023252,"0.627960108271304"
"21","sp|P35555|FBN1_HUMAN;sp|P35556|FBN2_HUMAN",6059910.37273121,5944082.3973975,19947857.3233433,19957337.5363097,14422204.2917468,13552029.9315596,14781839.3783556,5804096.25358441,5823311.68252752,27327888.2056503,28148388.5211388,6577493.73202917,6629650.93063221,"0.878514908896958"
"22","sp|TRFE_HUMAN|;sp|P02787|TRFE_HUMAN;sp|O95714|HERC2_HUMAN;sp|Q9Y4I1|MYO5A_HUMAN",249873591.226752,230475514.205063,165493334.8307,179918421.728852,169435686.784158,160071078.177117,284768671.852355,59506109.613476,57043541.346424,89075078.6449993,99966239.6077826,75237602.0030964,82030553.9107236,"0.426280443077357"
"23","sp|P02545|LMNA_HUMAN",73915486.4100078,105747588.870558,58070429.0968437,70153065.2791491,50225578.5824469,58529056.805866,142612150.863659,34355737.3182776,32903376.0230098,40732390.3318395,41564910.1527096,30632452.2441178,29210880.173087,"0.389239826617103"
"24","sp|P08670|VIME_HUMAN;sp|P41219|PERI_HUMAN",426485815.392257,460951028.410127,375315241.491051,382515636.112602,434683220.261739,402632773.328944,348556854.347283,244928462.221213,233134473.328863,298358273.131308,281483885.211388,302965700.923183,276769755.064637,"0.484267447135828"
"25","sp|P01023|A2MG_HUMAN",149139211.517538,149131215.073864,123381191.592531,125942895.210197,84213570.5147453,79642726.6267741,136461147.551649,22273695.7254862,21411995.9546722,28365656.1121939,29814492.5146018,27945395.0297215,26676602.8977963,"0.484465432269835"
"26","sp|P78527|PRKDC_HUMAN",2973797.3107829,2850019.25316094,3223867.29168779,3255396.27915424,2970954.57479076,2911114.34347695,2905089.24832086,8630029.70913671,8349851.70433163,5119959.0707473,5335624.5612486,6919172.32707047,6935916.75342704,"0.249494777774277"
"27","sp|O43707|ACTN4_HUMAN;sp|Q9H254|SPTN4_HUMAN",51806252.4218816,48399857.9830633,66049572.026181,75142399.6632266,73623840.0907354,79348117.2804358,43284838.121558,50382935.3495315,48776361.4411452,69271007.7617907,70064057.4093143,41044798.9499035,34679583.7671352,"0.54487774181333"
"28","sp|P16157|ANK1_HUMAN",33621734.5263221,34029031.8032182,20243381.1355409,18143034.1239179,9427575.76129166,8288479.13074795,67661036.4321196,1718281.51866912,1727144.2713475,1754409.12136968,1858141.92828154,2289816.35629999,2248149.56266867,"0.502355371745563"
"29","sp|P18206|VINC_HUMAN",19885228.2023384,20064927.119029,23641904.9758142,24795479.9693544,27735008.2533592,28184294.1330261,17392615.97835,10356035.6509641,10003287.6853874,15912441.2336698,16748729.6184969,8397053.79498843,8002980.86933889,"0.0578189576746987"
"30","sp|P26038|MOES_HUMAN",13213210.8449748,11451369.6881106,11570676.1167731,11157728.5830961,14220495.1408133,14534061.0860204,10914283.2183028,11588897.0379836,12152754.4607599,11761369.607495,9908934.27691179,9203170.95930732,9136736.49249523,"0.616916490977813"
"31","sp|P12814|ACTN1_HUMAN;sp|Q08043|ACTN3_HUMAN",24594887.5134185,26030175.7219836,33985238.402733,44752817.5056641,38324738.6773691,44486011.297076,30982831.4975362,34684500.3548161,31580627.2381652,51715434.0094268,49369292.016826,26265984.2707238,19340537.1009023,"0.934798258282216"
"32","sp|P13647|K2C5_HUMAN;sp|O95678|K2C75_HUMAN",36107388.0516144,36198213.1133835,49795762.3553087,54882678.2248516,31668336.6965629,31032184.4809625,38956354.3094022,1019165413.26948,1132603647.0232,97723144.5328633,84971303.6666152,373500952.801086,444832353.320753,"0.127160249786573"
"33","sp|P11021|GRP78_HUMAN",53245314.9891561,56669861.7280685,49500238.5431111,45811161.1628927,46897377.5920438,44387808.1816299,59004068.807808,63615647.5702077,63409269.8734887,92534305.0001449,102596930.123777,88001123.7714788,82030553.9107236,"0.806273161200348"
"34","sp|Q7Z406|MYH14_HUMAN",6804882.71136319,4547356.86623919,6038989.00854395,8255796.22220932,8822387.61622467,8122043.421258,4413277.27456325,3368872.37275204,3210002.36953231,4224588.14071257,4351211.73880043,3282279.62916864,3277237.7643629,"0.355369337892054"
"35","sp|P60709|ACTB_HUMAN",1125085279.86915,1072389010.21297,1270752392.45002,1492264556.69225,1260682193.33451,1473046731.69126,1232478811.77699,1109575248.31758,1124336467.11792,1089656301.87086,1104890016.7176,628099623.865135,673584223.169357,"0.163527931520356"
"36","sp|O75369|FLNB_HUMAN",4185903.85534519,4238907.99455239,6308074.52908099,6538186.09354984,6709162.80943328,6280452.4419097,4359468.60513995,8215178.05780695,7985246.47795959,4569390.59311748,4883979.21454478,4651964.15272813,4926388.41464411,"0.291792405472632"
"37","sp|Q00610|CLH1_HUMAN;sp|P53675|CLH2_HUMAN",21193466.8998606,20878370.110341,26597143.097791,24190712.1652238,22692279.4800212,26023825.5932122,26882162.6228623,22766840.280294,21660011.3518306,20495916.1542377,19642489.1860906,21765163.43661,23542102.0573052,"0.406276076706594"
"38","sp|Q15063|POSTN_HUMAN",14521449.5424971,12919205.8239576,10592007.3763306,12156604.5543026,4160037.38797915,4594589.40582667,4262855.326927,16273770.3086578,16451688.0115049,63303842.2991645,64276538.2741269,17734577.6150156,18807005.0429464,"0.918909399875467"
"39","sp|P02533|K1C14_HUMAN",6868760.09925421,7130864.72412077,8149078.40966439,7932266.20414241,5219402.78997781,4810838.00043218,9892365.19423316,129039491.841377,122354262.598127,7292157.92164199,4443072.64642597,15517755.4131386,16672876.8111227,"0.285556194651411"
"40","sp|P68371|TBB4B_HUMAN",121012079.520809,113475297.288022,117618477.254676,122465480.336446,128085310.842786,130610143.543292,89531270.4303804,138902382.937534,124834416.569711,102047177.476795,104350723.801106,98749352.629064,106706411.591185,"0.640524820406471"
"41","sp|TRFL_HUMAN|;sp|Q86TE4|LUZP2_HUMAN;sp|P08582|TRFM_HUMAN",40032104.1441812,34300179.4669888,35019571.7454248,36437260.1988684,18254678.1594837,16890935.8567264,86341861.3056341,84656481.9086744,84325235.0338442,14874673.3271261,15959522.4636986,21362104.8544506,19273845.5936578,"0.869697004906077"
"42","sp|Q9P2E9|RRBP1_HUMAN;sp|Q8N4C6|NIN_HUMAN",2978076.1710156,2920463.46908235,2960355.84968404,3027042.39104397,2421933.01247559,2310677.21462701,3142266.84892445,5556985.58479088,5431173.20293087,7674823.02478678,6941106.32178673,7926818.78246908,7669523.33311644,"0.465457238207535"
"43","sp|P46940|IQGA1_HUMAN;sp|Q86VI3|IQGA3_HUMAN",13213210.8449748,13038818.994653,11237362.746765,11575584.5545882,12001694.4805445,11980780.0844222,9338496.09167539,8005168.88452882,8432523.50338442,8228835.81085808,9733554.90917884,12024581.0344234,11404247.7388079,"0.53881783114693"
"44","sp|P14625|ENPL_HUMAN;sp|Q58FF3|ENPLL_HUMAN",22240057.8578785,21285091.605997,24528476.4124073,25551439.7245177,23499116.0837553,21801091.6290306,24376198.3105616,29342101.0110648,28935129.668476,51196550.0561549,52350741.2682862,52935027.1236071,57021238.6940396,"0.590081815806773"
"45","sp|P55072|TERA_HUMAN",9979163.89368467,10173547.6379541,9665155.73679027,10282791.2506558,11799985.329611,11391561.3917457,11959284.7549396,12082041.5927914,11987410.8626543,10896563.0187087,13241142.2638379,13032227.489822,12471311.8547198,"0.737347279587567"
"46","sp|P02538|K2C6A_HUMAN;sp|O95678|K2C75_HUMAN",30874433.2615254,31317555.1655115,44328571.8296517,49893343.8407742,30458081.7909618,29755543.9801634,29160311.9976812,945193730.048306,1058199027.87569,82761990.5468585,68924091.5190501,372157424.193887,438830117.668749,"0.119917272675055"
"47","sp|Q04695|K1C17_HUMAN",7475240.76134369,7437388.69007196,7357594.28341931,7232726.71608379,5999561.25164886,5618056.23256807,10983381.805719,45533680.560588,29844519.4580566,8734546.54674265,6476200.6875304,42589856.8481813,45683682.4624762,"0.0748457803721262"
"48","sp|P05787|K2C8_HUMAN;sp|O95678|K2C75_HUMAN",55076849.1656872,47586414.9917513,57183857.6602507,69548297.4750185,68883675.0437976,73259524.1227786,41917948.4966667,484103571.303002,463788792.686143,81118858.0281644,65504193.8482576,157864611.345783,178066324.34279,"0.147497199531964"
"49","sp|P11142|HSP7C_HUMAN",35322444.8331011,31724276.6611675,31473285.9990527,28726470.6962033,31970900.4229632,31130387.5964086,34855685.4347283,45451489.8014533,42245289.3159749,53358566.5281209,80148371.0539591,36073743.1032703,39814829.824961,"0.799034711968461"
"50","sp|P0C0L4|CO4A_HUMAN",9265294.26419278,9543134.28304533,19061285.8867502,19050185.8301138,9013421.98001941,6921685.04514623,25287458.0604891,2221560.58859387,2333825.99010202,6369099.11641654,6732562.87959519,2927523.42425646,2991430.91792058,"0.128518575634666"
"51","sp|P24821|TENA_HUMAN",1166004.12769526,1526201.4595134,2157215.43386397,2331552.30422441,1873009.011834,1459028.96759251,1281284.67177983,7593592.5694707,6871455.51722878,18074457.7056358,21659351.9150196,7926818.78246908,7135991.27516051,"0.943624367318367"
"52","sp|P08238|HS90B_HUMAN;sp|Q58FF7|H90B3_HUMAN",22240057.8578785,22098534.597309,15958285.8586746,18143034.1239179,20876897.1216195,21310076.0518002,18988123.6248282,37561176.9245283,34639483.8031183,27327888.2056503,29463733.7791359,28415630.0422409,26209762.3470849,"0.514862623534661"
"53","sp|P02671|FIBA_HUMAN",23025001.0763918,24674437.4031303,86736238.8800185,107799861.086279,32475173.300297,32701637.443546,205261258.671178,9287555.78221379,8763210.69959557,15652999.2570339,15345694.6766333,29221747.2065597,28077124.5499306,"0.969587433708624"
"54","sp|P07437|TBB5_HUMAN",172687508.072939,166755813.218958,184702382.623549,193525697.321791,194649330.650848,191496075.119864,137144592.364094,235065571.125057,214946677.53725,173826124.346067,176256264.571617,157192847.042183,159392702.314333,"0.868469725359843"
"55","sp|P13639|EF2_HUMAN",12706892.6346502,13334362.8806992,10295566.6468337,10524838.2823157,12707676.5088119,11784373.8535301,9757032.62137845,26383233.6822179,24305508.9215198,20755358.1308736,21220903.4956872,24788102.8028059,24609166.1732171,"0.376761206925586"
"56","sp|P07900|HS90A_HUMAN;sp|Q58FF7|H90B3_HUMAN;sp|Q14568|HS902_HUMAN;sp|Q58FG0|HS905_HUMAN",26164773.9504452,24810011.2350156,18174714.4501572,20713297.2914729,22389715.7536209,21506482.2826924,28704682.1227174,32547540.6173156,33895437.6116433,19804070.8832086,20344006.6570224,26265984.2707238,24142325.6225057,"0.703592287158714"
"57","sp|P08603|CFAH_HUMAN;sp|Q02985|FHR3_HUMAN",17399574.6770461,15997712.1624691,25267285.9429015,21166873.1445709,12606821.9333451,12275389.4307605,35311315.309692,4767573.59525542,4997114.48217105,12107292.2430096,12364245.4251731,6919172.32707047,8002980.86933889,"0.194467713808948"
"58","sp|P08727|K1C19_HUMAN",22632529.4671351,21556239.2697677,29404619.313669,29633622.4023992,24003388.9610891,23077732.1298297,22781493.7481884,115067062.788489,102513030.825458,27241407.5467716,25430008.321278,29356100.0672796,30811476.3469547,"0.270829915266297"
"59","sp|P49327|FAS_HUMAN",5622726.4942607,6074432.1275696,4332801.43910702,4534182.203698,3257041.06793285,2985345.43324818,2619898.02304432,7299196.41038593,7035650.66681033,2761855.66531863,2833397.89228786,5374335.69250362,5555868.71776491,"0.79675314710809"
"60","sp|P07355|ANXA2_HUMAN;sp|A6NMY6|AXA2L_HUMAN",146522734.122493,136929570.204185,236419049.758142,228299846.0593,194649330.650848,195424199.737707,106845205.679004,78574365.7327114,82341111.8565773,91669498.4113585,85058993.3504817,106138759.968654,107373326.66363,"0.613573436716839"
"61","sp|P07237|PDIA1_HUMAN",26949717.1689586,28199357.0321489,17879190.6379595,20410913.3894076,19666642.2160184,19149607.5119864,20092212.0706185,41341951.8447216,41997273.9188165,29749346.6542522,30428320.3016672,36745507.4068694,39481372.2887385,"0.0727104960929826"
"62","sp|P08729|K2C7_HUMAN;sp|Q5XKE5|K2C79_HUMAN;sp|Q14CN4|K2C72_HUMAN",51544604.6823771,46637398.168554,57331619.5663495,66070882.6012676,71203330.2795331,72964914.7764404,34400055.5597645,461912066.33665,441467406.94189,79994609.4627421,64188848.5902604,139055210.845008,160059617.386778,"0.157221089282989"
"63","sp|P04259|K2C6B_HUMAN;sp|O95678|K2C75_HUMAN;sp|Q5XKE5|K2C79_HUMAN",29827842.3035076,30232964.5104289,42703190.8625645,47927848.4773497,29247826.8853606,28478903.4793643,27109977.5603442,895879274.567525,1008595948.44402,80254051.439378,66293401.0030558,343943323.442726,415488090.133177,"0.122060850307532"
"64","sp|P52272|HNRPM_HUMAN",3688755.59241517,3271829.19169224,3770979.55346181,3849911.66939399,4125133.74340747,3805439.36260329,3067107.77362723,6667974.43772817,7258788.28514649,5100105.48536285,5436741.74724886,7658113.06102945,8336438.40556134,"0.168492910381826"
"65","sp|P02675|FIBB_HUMAN",23809944.2949052,22776403.7567357,79495905.4811754,85272260.382414,27533299.1024257,30737575.1346243,122336621.427772,9945081.85529087,9093897.89580673,21966087.3551746,19730178.8699571,26870572.143963,29677720.7237984,"0.944108307812403"
"66","sp|P10809|CH60_HUMAN",15306392.7610105,14370826.1798451,10694941.0271172,11996548.8042938,10690584.9994766,9692322.95287256,9105958.71456626,19479209.9149086,22486729.3423585,12539695.5374028,11575038.2703748,20220105.5383321,19740686.1443693,"0.25318088006057"
"67","sp|P30101|PDIA3_HUMAN",20277699.8115951,18980336.4639464,15958285.8586746,16933498.5156567,16943568.6784158,14926873.5478048,15164872.2804914,26383233.6822179,26868334.6921562,22052568.0140532,21922420.966619,22839986.3223685,22341654.9269044,"0.171192178258621"
"68","sp|Q05707|COEA1_HUMAN",2285441.10150931,2383698.89634886,8774168.27161776,9267905.90091239,7036999.74037834,6270150.60317288,9429444.92232906,1079190.14575119,1042314.9925449,12193772.9018883,12276555.7413066,4507362.97133607,4594195.73954433,"0.955822793642401"
"69","sp|O60437|PEPL_HUMAN",3278881.99085633,3406836.61237681,4217615.67988912,4307827.8109971,4679446.66321251,4060183.76112146,2324091.08414544,1462504.88801038,1396858.86504005,939602.59418523,973793.851647532,1209902.86147349,1273723.17218613,"0.555007238888093"
"70","sp|P00558|PGK1_HUMAN;sp|P07205|PGK2_HUMAN",90660941.7382928,96528568.3023559,71664524.4579369,71362600.8874103,76750331.930205,73848742.8154551,87025306.1180797,165203425.860617,174437496.001384,85702332.9487323,88566580.7051408,83970537.9498843,96702685.5045116,"0.40033958914634"
"71","sp|Q13509|TBB3_HUMAN",99426141.0116919,91105615.0269427,106388572.391164,114452306.931715,106905849.994766,104095302.372849,87253121.0555616,116710877.971182,107473338.768625,111560049.953446,108735207.99443,88672888.0750779,82030553.9107236,"0.59266139427872"
"72","sp|P08779|K1C16_HUMAN",7137296.03732784,7026455.50927268,7831309.11933972,7641575.67958375,5111400.30078234,4643833.38359992,10754802.6015193,115888970.379836,108300056.759153,6725645.77547738,4117984.30388862,17734577.6150156,19207154.0864133,"0.260021649190529"
"73","sp|P20700|LMNB1_HUMAN",2318845.90651128,2135613.48155782,1895002.31514673,1762406.95058249,1929090.68511874,1953609.72938468,2003176.86305853,4097833.92605648,3994077.27719528,3099452.75072571,3378675.23796158,3668096.20757574,3413153.54356379,"0.419189476801393"
"74","sp|P14618|KPYM_HUMAN",38331393.8374023,34300179.4669888,23937428.7880119,22829984.60593,24911080.1402899,24354372.6306288,25059643.1230072,40520044.2533752,37698340.3680715,35630031.4579997,37443495.0109852,50986910.6431698,53153131.2738591,"0.246051687156365"
"75","sp|Q9BVA1|TBB2B_HUMAN;sp|Q13885|TBB2A_HUMAN",150447450.21506,140996785.160745,152194763.281804,158751548.584281,168427141.029491,166945296.258343,117324692.80317,184929208.052929,163690162.124521,137504247.617038,135042113.154373,130322274.89822,133383014.488982,"0.800865448684011"
"76","sp|P00738|HPT_HUMAN",260339500.80693,214206654.378824,369404765.247097,356813004.437052,63134964.2421923,74928977.085362,284768671.852355,46273397.3927997,45138802.2828225,43586252.0748346,50509257.9070902,58309141.5523997,67358422.3169357,"0.507408853422393"
"77","sp|P01009|A1AT_HUMAN",121927846.609075,131506616.928771,159582858.586746,166311146.135914,63639237.1195261,65403274.8870919,102061091.991884,21451788.1341398,21246652.3565666,26463081.6168639,27446871.050207,40171505.3552247,39214606.2597606,"0.523651253071987"
"78","sp|P06733|ENOA_HUMAN",42386933.7997213,44061495.3627327,32212095.5295469,32506269.4720195,26625607.9232249,25532810.0159818,32805350.9973913,61807450.8692458,57704915.7388463,38137970.5654803,38232702.1657835,47493736.2644546,47484353.1580774,"0.246150591523487"
"79","sp|P13667|PDIA4_HUMAN",4468945.91040378,4582733.18062137,4045593.69653697,4034391.36934323,3958859.26059056,3464466.88875137,3891953.49275508,6649943.09447282,6382775.12630251,9685833.79440769,10873520.799443,10412346.7057857,10470566.637385,"0.659398607065776"
"80","sp|P05164|PERM_HUMAN",17792046.2863028,17082302.8175518,18913523.9806514,18294226.0749505,7103556.7639045,7452266.11845477,33944425.6848007,65095081.2346312,65972095.6441252,6999092.66696912,7080164.17875239,18607871.2096944,18540239.0139684,"0.407795056077661"
"81","sp|P08107|HSP71_HUMAN;sp|P34931|HS71L_HUMAN",49189775.0268371,44468216.8583887,62798810.0920066,56394597.7351781,61622145.6101909,49003354.6075959,54903399.9331341,54656854.8245325,46048192.0724032,41078312.967354,67257987.5255871,59921375.8810375,68025337.3893806,"0.884678311440286"
"82","sp|Q9UPN3|MACF1_HUMAN",1381586.1937864,1234194.24056878,2366290.56514947,2490967.80923781,2073551.40442323,2043389.87916427,1540176.9869199,1254695.07205027,1091540.62643753,1023280.2289762,1037894.65453381,632938.372977941,684267.585733482,"0.27195822182337"
"83","sp|P53621|COPA_HUMAN",3765657.81916935,3233795.83221012,3779093.16120332,3946532.43239506,3685634.06766373,3658851.60851208,3351897.09918181,4094367.59489877,3962162.87744936,5960431.47316126,6715037.58592051,5120547.23233556,5316350.05094204,"0.925907296220305"
"84","sp|P15311|EZRI_HUMAN",7564371.29405589,9348134.36936249,9895867.33664106,9559517.59720686,11295712.4522772,10016717.7755006,8698238.12959039,7301369.99185998,7925124.36943788,6516410.88216867,6303287.29576506,5891707.12448023,6277154.93782474,"0.682636691038966"
"85","sp|P19012|K1C15_HUMAN;sp|K1C15_SHEEP|",8664994.69896471,8661906.09486687,10180928.341045,9458397.45548207,6782918.90113737,6591083.67170641,15572556.6428922,134792844.980802,131448160.493934,11415446.9719805,8759442.38006668,18675047.6400543,19540611.6226358,"0.28043561694367"
"86","sp|Q99715|COCA1_HUMAN",1098136.04164637,964946.034376473,2624367.03758881,2571533.4037078,1942289.11797468,1931652.145199,1608686.42577129,3627230.61186757,3177112.87823795,4379507.91357337,4172420.26111751,1079392.24670453,1117171.87020784,"0.940139480367115"
"87","sp|Q05682|CALD1_HUMAN",7381654.36108653,6875720.98721703,9089540.50624169,8302926.10527175,9131651.49834623,9101114.64838259,5325538.80878427,4690662.2946031,4409930.89316892,11328966.3131018,11311969.2187754,2721406.85762027,2861124.12056316,"0.381658681538216"
"88","sp|P29401|TKT_HUMAN",27996308.1269764,29148373.8553462,13321525.243928,13494808.150571,17548696.1312164,16399920.279496,31210646.4350181,27533904.3101028,23809478.1272031,18160938.3645144,16748729.6184969,31169863.6869971,31078242.3759327,"0.80785943079399"
"89","sp|P68133|ACTS_HUMAN;sp|P62736|ACTA_HUMAN",1068831015.87569,1020870954.09655,1269274773.38903,1466561925.0167,1220340363.14781,1433765485.51283,1239313259.90145,1084918020.57719,1091267747.49681,1055064038.31941,1069814143.17101,597198465.899577,644239959.981781,"0.184296400759592"
"90","sp|P63267|ACTH_HUMAN",1003419080.99958,972064374.617826,1182095248.79071,1380382512.92809,1159827617.86775,1374843616.24518,1143630986.15906,1010946337.35601,1016863128.3493,1020471774.76795,1034738269.62442,527334978.325274,574213877.375065,"0.18856403152146"
"91","sp|P13796|PLSL_HUMAN",23286648.8158963,24810011.2350156,15958285.8586746,16328730.7115261,16741859.5274823,17971170.1266334,14980127.5840162,22849031.0394286,24801539.7158365,20582396.8131163,22097800.334352,14510108.95774,15805887.2169443,"0.18629097530487"
"92","sp|P68032|ACTC_HUMAN;sp|P62736|ACTA_HUMAN",1050515674.11038,1005957832.58916,1216080487.19344,1418180500.68625,1210254905.60113,1423945173.96822,1180081376.15616,1060260792.8368,1083000567.59153,1046415972.43154,1069814143.17101,581076122.6132,627567083.170658,"0.191243361612956"
"93","sp|P07951|TPM2_HUMAN",3906284.99260856,3948710.45172071,3727927.07857275,3851765.7211703,5419390.58930782,5971743.86904234,2326661.96888047,1980393.4072886,1823873.1135354,3431638.07886491,2878407.21639317,1582139.39934942,1527824.94877817,"0.202312066869292"
"94","sp|P04350|TBB4A_HUMAN;sp|A6NNZ2|TBB8L_HUMAN",112246880.24741,106832179.525641,111264715.292426,113998731.078617,120016944.805445,122753894.307605,82241192.4309602,130683307.02407,116567236.664432,98587951.1216497,99966239.6077826,90016416.682276,97369600.5769565,"0.530316189021206"
"95","sp|P06576|ATPB_HUMAN",34799149.3540922,34842474.7945302,28518047.8770759,32657461.4230522,23095697.7818882,23470544.5916141,26198717.8104167,28273621.1423146,28439098.8741592,26636042.9346211,26657663.8954087,31035510.8262773,29410954.6948204,"0.673113531686045"
"96","sp|Q01518|CAP1_HUMAN",4495692.59415984,4607679.00158674,3767457.86859518,4232851.96136329,4099483.42040847,3944411.6173065,4245788.79414418,4224892.14800585,4279128.28864538,3991828.47070455,3966495.28988452,4674858.42768269,4648359.69465295,"0.819047679589927"
"97","sp|P00450|CERU_HUMAN",13213210.8449748,13304282.9071908,17140381.1074653,15572770.9563628,7881881.03686446,8885017.47807094,20031826.8327455,5239393.05323095,4567144.64824196,5528589.26268845,7073182.63040615,6548022.00654642,7202682.782405,"0.415749779939065"
"98","sp|O75083|WDR1_HUMAN",8159243.519847,7322266.52728571,5381870.43245222,6449008.64485894,8023478.44131853,8218196.63505195,6660352.5734458,10273844.8918294,10499318.4797041,6464457.41965856,6107538.40367708,8128348.0735488,7736214.84036093,"0.65615014363898"
"99","sp|O15230|LAMA5_HUMAN",2351208.98197024,2516510.47106202,4394405.66806917,3887097.38720341,4512842.21649814,4144803.34700468,2835446.28116453,842753.946732463,755469.860281153,2140376.15552321,2375346.30996191,894728.690083655,819812.641517729,"0.052453513495269"
"100","sp|P35221|CTNA1_HUMAN;sp|P26232|CTNA2_HUMAN",4237061.14549526,4707243.82041977,7435323.22543022,6949104.99127724,5661578.47345442,5043889.08327646,6144883.66514686,3508517.9286432,3578150.12465638,2676504.69117963,2972041.87411429,2758745.04856516,2928703.38380335,"0.50020582725793"
"101","sp|P55268|LAMB2_HUMAN",3739657.66612717,3676688.70007226,6377090.59720877,6163309.76036161,6526460.98813376,6918411.36278424,4942680.83662643,1232162.85268909,1145183.95274697,2364488.18166899,2554747.99998623,1500960.72795234,1488267.2573962,"0.222512927036973"
"102","sp|P04406|G3P_HUMAN",50890485.333616,60601502.8527431,46988286.1394308,47020696.7711538,48712759.9504455,49592573.3002724,70167000.7444203,111779432.423104,107473338.768625,74719289.271145,79885302.0023596,128306981.987423,125380033.619643,"0.156582184582697"
"103","sp|P48668|K2C6C_HUMAN;sp|O95678|K2C75_HUMAN;sp|Q14CN4|K2C72_HUMAN",28257955.8664809,29419521.5191169,42407667.0503668,47776656.5263171,29449536.0362942,28577106.5948104,26426532.7478986,879441122.740598,992061588.633461,75930018.495446,61645847.7581326,352676259.389514,418822665.495402,"0.11812096293016"
"104","sp|Q9NZN4|EHD2_HUMAN",11250536.5189039,12192574.8515316,19504571.6050467,17689458.2708199,20271769.6688189,20033435.5510011,8430554.67818017,1481364.6705567,1370743.46871807,3108554.04531544,3322989.18712225,1953578.32526887,2027323.87108274,"0.429760251851497"
"105","sp|P09493|TPM1_HUMAN",4143682.66623077,4616888.84922948,4735233.36046818,4600410.83846906,4639795.03534719,5247403.99709813,4925728.32066352,1765189.26927236,1823934.47502482,4257433.74574859,3997275.61323826,1369266.54777921,1367092.22668016,"0.079431250933692"
"106","sp|P08133|ANXA6_HUMAN",10064879.4105668,11217106.5989576,18174714.4501572,17538266.3197873,21482024.5744201,19346013.7428785,23009308.6856703,8547838.95000207,8845882.49864836,11156004.9953446,12276555.7413066,11016934.5790248,11404247.7388079,"0.873838192766206"
"107","sp|P25705|ATPA_HUMAN",23548296.5554007,20878370.110341,15958285.8586746,17991842.1728852,16943568.6784158,16694529.6258343,16106184.1422145,17013487.1408695,14715580.2313963,17036689.7990921,18151764.5603605,18540694.7793345,17473174.8980566,"0.394273476574319"
"108","sp|Q13835|PKP1_HUMAN",1083181.95167953,1091838.68443814,2148374.07509303,2032473.73337803,823093.477308974,818702.357918392,3498180.00023903,8383457.4317328,8432523.50338442,1297919.05744506,1275041.77446961,2482383.91858759,2482992.72467347,"0.206388698508685"
"109","sp|Q9NZM1|MYOF_HUMAN",2000925.37050398,2186959.36161923,2048996.01166482,2251398.52185488,1160727.73688542,1193987.53345189,3970428.55343446,1652294.51811069,1641435.25424644,1730423.68122626,1707748.87573054,1405989.88965112,1681306.80814819,"0.349197232083365"
"110","sp|Q9HBL0|TENS1_HUMAN",3455927.05102787,3331116.55976792,6835217.27606909,6389699.07235553,6892838.53596643,6526173.42948854,3610492.19488025,493560.994261322,537102.462124567,1816596.75002144,2164289.01323536,782776.93057021,786278.08490539,"0.1948869192012"
"111","sp|P22105|TENX_HUMAN;sp|Q16473|TENXA_HUMAN",3843550.02285191,3602609.39451456,4068181.09719229,4507005.94187373,5010574.79462987,5707683.61954533,2963166.52267816,2878188.19503129,2653370.30838702,2840858.17731079,2570439.57259052,3804045.62297358,3916886.52492785,"0.951768586417835"
"112","sp|P67936|TPM4_HUMAN",7329203.62711037,8059444.31276489,6155936.46795303,6299300.06980818,9505350.43784577,9609077.69602127,6591062.70577367,6864434.16190096,6849853.70599677,8511277.79004237,8186956.41446002,5486353.54421984,5290624.80706349,"0.312816255304292"
"113","sp|P35241|RADI_HUMAN",723826.992152836,754379.673093177,978462.058180832,1084029.63601784,876144.750573234,785541.207769628,652125.258624141,290342.230573762,293417.935459639,265881.14099501,265715.411121963,245813.479512554,274947.775432098,"0.504700508449194"
"114","sp|P04083|ANXA1_HUMAN",41863638.3207124,36740508.4409248,43885286.1113552,45962353.1139253,47502505.0448443,47923120.337689,28249052.2477536,55971906.9706867,59937054.3132716,28106214.135558,27709940.1018064,49105970.5930924,48084576.7232778,"0.475720635046109"
"115","sp|P17661|DESM_HUMAN;sp|P41219|PERI_HUMAN;sp|KRHB4_HUMAN|",181845178.955594,210139439.422264,144363382.258566,139398978.852102,188598056.122843,166945296.258343,161748605.612138,87944112.2740598,81679737.464155,121072922.430096,103473826.962442,92031709.5930732,78695978.5484991,"0.435325227275682"
"116","sp|Q03252|LMNB2_HUMAN",3439507.59570062,3402482.69265927,4393015.74274421,4379949.87778102,4250733.51845152,4266447.40764135,3381992.91271692,2570529.28382529,2467395.42711456,2711079.70616368,3052586.00712637,2895727.66231722,2865267.94267876,"0.209835786692181"
"117","sp|P46939|UTRO_HUMAN;sp|O15381|NVL_HUMAN",1262543.86412216,1251872.6570512,1477068.40408103,1943533.84201635,1863835.4198374,1953210.91180238,1278041.01240058,1082430.7580709,1063762.03059503,1147930.31230076,1027891.09870352,652797.41306273,676297.683851736,"0.243625154895711"
"118","sp|Q14980|NUMA1_HUMAN;sp|Q8WZ42|TITIN_HUMAN",1261140.44661138,1415452.49233211,1159859.73439681,1417873.6195796,1644931.80530662,1681123.75864176,1690486.72544777,1245536.66918314,1025604.57817795,1445557.30325098,1592670.63620742,1148921.25880149,1086826.50947491,"0.490444201444101"
"119","sp|Q86VP6|CAND1_HUMAN;sp|O75155|CAND2_HUMAN",6851835.72004398,6440126.08855152,5869540.57510127,6012181.94949035,5303190.64223551,4718994.22806116,7410467.30888175,4339317.15877548,4422796.21240008,4061072.83031611,4044145.80012491,4403384.3265856,4399738.36736322,"0.554277662401415"
"120","sp|Q07065|CKAP4_HUMAN",2107175.12103211,2151638.5538753,2200721.2467138,1892078.23930516,1962874.14800617,1924093.97286165,3511360.68907692,5177642.30905406,4768435.576517,6002367.80744491,6274574.6083441,5717360.19822834,5291622.95350965,"0.618642516050367"
"121","sp|P0C0L5|CO4B_HUMAN",847344.551163927,1147225.27002689,1164701.89294624,933956.637413405,984080.542721708,917519.930945243,2128660.25007197,258282.654274278,204297.308750203,691564.529558048,903031.419565556,424086.948193283,376727.395208385,"0.0439605602134099"
"122","sp|GELS_HUMAN|",34275853.8750833,38502968.2554341,23937428.7880119,25249055.8224524,24911080.1402899,22390310.3217071,22022848.8013594,16520342.5860617,13806190.4418157,19631109.5654513,18151764.5603605,16659754.7292571,13671758.9851206,"0.434225116625589"
"123","sp|P02647|APOA1_HUMAN;sp|Q9P2D0|IBTK_HUMAN",192311088.535773,199293532.871437,145102191.78906,155727709.563628,131110948.106789,132574205.852213,204122183.983768,36081743.2601049,34970170.9993295,60449980.5561694,62610434.2806639,51793027.8074887,49751864.4043901,"0.450804742322193"
"124","sp|PRDX1_HUMAN|",12124846.5602783,10509646.9743229,9228648.96977366,10189872.1322872,8610819.29112126,8637902.75947066,17468379.8909155,13725856.7754841,10003287.6853874,7594489.63339652,9119727.1221135,15584931.8434985,15138972.1444994,"0.71847888518735"
"125","sp|P06744|G6PI_HUMAN",11375849.7549696,12377576.7428311,8638601.30782402,10354284.3528757,9875623.78008284,9717249.72102016,12599042.4445345,28766765.6971224,28521770.673212,14355789.3738543,14205728.7863691,20287281.9686921,21407973.8254815,"0.0680038431038652"
"126","sp|P00338|LDHA_HUMAN;sp|Q6ZMR3|LDH6A_HUMAN",7445334.39593708,7472359.45296066,5888118.1697765,6971252.12953169,7022265.45370536,6558123.20816774,10914064.9237516,17835394.7322159,17030390.6048744,14096347.3972183,13153452.5799714,16659754.7292571,15472429.6807219,"0.317140917228051"
"127","sp|P60174|TPIS_HUMAN",31136081.0010298,32130998.1568235,26744905.0038899,24946671.9203871,30962354.6682956,26907653.632227,35083500.3722102,47177495.7432807,44725443.2875585,38829815.8365094,38145012.4819171,35133273.0782316,35146424.3178466,"0.463769956500137"
"128","sp|ALDOA_RABIT|",5562019.9499128,6710344.64316046,7017797.41797296,7818907.94333524,2830258.0306355,3071144.9334916,13602476.4120485,7397236.4796261,8349851.70433163,4188626.60640412,4414082.42641695,11084111.0093847,10070417.5939181,"0.14842051291274"
"129","sp|P22314|UBA1_HUMAN",13605682.4542315,15184269.1711571,16549333.48307,16328730.7115261,15632459.1973479,16301717.1640499,16089140.5458396,16191579.5495232,17361077.8010856,14615231.3504902,14644177.2057015,18339165.4882547,20074143.6805917,"0.0590005462489695"
"130","sp|P51659|DHB4_HUMAN",10941446.6255026,10222224.1465428,4768558.61292923,4897870.54266662,8848863.8756669,9071696.69037818,4005247.29639893,3259612.07394589,3014530.75466208,4044859.06019868,4203593.03614382,3576460.83892179,3536743.74519159,"0.453254855562694"
"131","sp|Q16555|DPYL2_HUMAN",11496367.2509261,13828530.8523038,15219476.3281804,17387074.3687546,18254678.1594837,21408279.1672463,11504585.2716243,3562273.2338527,3551848.44810319,5219463.38476734,4616430.77045338,6428772.89894532,6350981.09784585,"0.561041518258178"
"132","sp|Q07954|LRP1_HUMAN",1423577.07925226,1541462.20317165,2082627.94396197,1979719.47798688,2504470.32851025,2105189.17533089,1636112.86652884,1401721.21016836,1425750.50107504,1683302.12576067,1676322.24959221,1230016.84168714,1419647.98411692,"0.720015199999303"
"133","sp|P04843|RPN1_HUMAN",4770641.69755742,5696919.24800115,4515151.08869119,4931578.86676917,5089321.28267663,4888973.50858918,4651476.66161183,4339002.84569631,4241910.07467092,7142597.10960683,7482472.52341167,6697125.600854,6395201.02777125,"0.879779126509683"
"134","sp|P04275|VWF_HUMAN",2063947.13758086,1288576.60068737,5773669.52082718,5547483.75576562,3191877.30296512,2897434.19285082,3908481.20220407,374244.012274834,356411.987214446,1296688.13844613,1356381.79571351,596416.569197225,702505.744898472,"0.194844327447011"
"135","sp|P63261|ACTG_HUMAN;sp|P62736|ACTA_HUMAN",455267066.737747,538228112.584766,771317149.83594,872377557.458385,703964936.75799,842582730.5274,797352281.186594,650950812.346312,606811005.047467,649469748.178587,615581580.742661,233773977.652478,258763048.108624,"0.638474455723014"
"136","sp|P21810|PGS1_HUMAN",8511631.85974404,8757140.28285521,42998714.6747622,40368250.9257173,33080300.7530975,32308824.9817616,36222575.0596196,2230081.86760006,3692151.72718916,11242485.6542232,10873520.799443,4414142.17779507,3906945.25743845,"0.234534060070479"
"137","sp|P12109|CO6A1_HUMAN",24464063.6436663,23183125.2523917,51421143.322396,47776656.5263171,38223884.1019023,38692027.4857571,64243812.3698913,11835469.3153875,9755272.28822904,35197628.1636065,35602011.6497893,17600224.7542958,15939270.2314333,"0.416994614628909"
"138","sp|Q71U36|TBA1A_HUMAN",336217345.263221,414855925.569114,375315241.491051,394610992.195214,456871226.864426,410489022.564631,284768671.852355,353420264.278932,305885656.495317,383974125.421162,416525998.365761,376188010.015482,354131903.468246,"0.862954630622847"
"139","sp|P37837|TALDO_HUMAN",10135315.0369874,9592481.11610969,9731994.38990264,9072750.23491683,7806258.17638722,5745328.65156967,11394245.1273734,10027272.6144255,9920615.88633461,6787745.0252198,6577164.82609472,11554346.0219041,12337928.8402308,"0.664255092040659"
"140","sp|P05091|ALDH2_HUMAN",23548296.5554007,23860994.4118183,22312047.8209247,22225216.8017994,21381169.9989533,21113669.820908,9813170.61424598,14794336.6442344,17361077.8010856,7968628.47347264,9295106.48984646,14845991.1095395,14538748.579299,"0.700889783398335"
"141","sp|CATA_HUMAN|;sp|P04040|CATA_HUMAN",88306112.0827527,92596927.1776813,49943524.2614076,46113545.064958,27533299.1024257,28675309.7102565,105706130.991594,12410804.6293299,12483441.6569711,7019571.62686057,7647410.31920515,9001641.6682276,9003353.47800625,"0.511056679583547"
"142","sp|P02774|VTDB_HUMAN",19623580.4628339,20064927.119029,23346381.1636166,22225216.8017994,15632459.1973479,15810701.5868195,24831828.1855254,4564824.26597905,4304176.98149151,5677696.69035657,5836848.01541343,7389407.33958982,7202682.782405,"0.510891607108376"
"143","sp|Q14697|GANAB_HUMAN",4408054.08413386,3937379.27355177,4320294.9629872,4734828.87560229,4224515.68877346,5048972.64218189,4007291.17683909,7443071.59479581,7755896.57243556,6876876.26181026,6520857.36581825,7322230.90922991,6869225.24618255,"0.362948489852733"
"144","sp|P00747|PLMN_HUMAN",8186231.86014703,7909760.92038688,10168862.3860182,10505236.0644339,5469826.22578296,5679431.99342823,11776251.7756132,3036894.48658723,2966804.95833489,5556924.84774593,5718939.20200133,2889173.50857509,3002370.34652826,"0.200741564074835"
"145","sp|Q00839|HNRPU_HUMAN",10928203.2636804,10322536.8041899,8280353.05557929,9167523.24328634,9987003.93237816,8413553.11686734,9974135.55469838,3841075.91800789,4127183.4016047,8307182.35926938,7748476.85476711,11285640.3004645,11537630.7532969,"0.750451814094344"
"146","sp|P14923|PLAK_HUMAN",582646.469721136,537246.791093333,637513.776108158,588213.687797867,812574.029110406,759216.451397334,692750.655104721,6318954.83518436,6343783.93292556,1115978.11473703,990960.662879387,2435411.82678604,2567901.37058678,"0.121563578283033"
"147","sp|P34932|HSP74_HUMAN",3964714.74243099,4009826.36100804,3334772.89530934,3572129.12741635,2971315.03408621,2941996.82123654,4369508.1337787,3034069.43649906,2819855.0013601,2583080.41458378,3185547.23355983,3248532.71437431,3485779.57257224,"0.395288372223625"
"148","sp|P12429|ANXA3_HUMAN",11400387.1022204,12353372.1867047,23641904.9758142,25249055.8224524,23196552.357355,22193904.090815,14934281.2380225,11917660.0745221,11408708.2692848,3493058.5168364,3705259.95935547,5381906.91285198,5067195.80248856,"0.731369836177225"
"149","sp|P00352|AL1A1_HUMAN",12481065.2189965,13275555.4860163,9845222.45162664,11783901.8987229,10388021.2730764,9362823.4262443,12746524.2604288,4560035.60303965,4428533.58069095,1863359.00861762,1880265.88995618,5167858.04113427,5457848.56287606,"0.634553837542139"
"150","sp|P07814|SYEP_HUMAN",1726637.0375407,2122246.73280152,1942920.46252839,1763468.74141621,1908230.90705276,1866037.57648871,1526758.39504347,2568952.03658223,2373204.32476659,2298301.70464681,2377098.56643908,2686821.73279379,2544490.77217729,"0.424838033599369"
"151","sp|P11047|LAMC1_HUMAN",6948171.44933592,7176033.17033068,11818451.0827483,12168869.5810165,9746188.21204698,9758748.94250078,8971613.59416732,3459534.80466018,3406616.45492878,6572738.98869872,8354685.41673581,3712274.65936671,3779031.11527303,"0.101375211687042"
"152","sp|P63104|1433Z_HUMAN",14652273.4122493,17895745.8088637,16253809.6708723,16479922.6625587,20574333.3952192,18953201.2810942,12273860.350483,35177644.9096239,32572688.8267986,21274242.0841455,22799317.8052838,25728572.8278446,28410582.0861531,"0.279915567131235"
"153","sp|P00325|ADH1B_HUMAN;sp|P00326|ADH1G_HUMAN;sp|P07327|ADH1A_HUMAN",61487218.7835463,60059207.5252018,62651048.1859077,70304257.2301818,61017018.1573903,64715853.0789693,62421292.8700363,5183023.24353523,5188246.22110876,12107292.2430096,11662727.9542413,11890228.1737036,11871088.2895194,"0.485688982468058"
"154","sp|P23141|EST1_HUMAN",8038798.94904022,9598012.55963259,6647929.9658693,6900015.07844042,9358757.69013211,8825428.28622681,8214538.21252229,3738671.78822145,3237149.5438019,3957253.84488347,8636585.8182997,11218463.8701045,12871460.8981867,"0.863926890296397"
"155","sp|Q13228|SBP1_HUMAN",38593041.5769067,38909689.7510901,37383762.2430063,34925340.6885419,32676882.4512305,32308824.9817616,50574916.1209783,5646554.13495426,5483528.30337203,8907507.86449993,8106686.25909621,6120987.04327808,6335110.47118207,"0.477311189293588"
"156","sp|P02679|FIBG_HUMAN",29435370.6942509,28063783.2002636,118505048.691269,133653684.712862,46493959.2901767,41048902.2564631,214601671.107935,14219001.3302919,14054205.838974,30873595.2196745,29814492.5146018,48904441.3020126,42149032.5785182,"0.585137521454671"
"157","sp|P31946|1433B_HUMAN",4066898.04490255,3818950.43246812,1880500.73117362,2115159.217408,3484879.11901397,3425113.99259787,1817222.62850801,3395222.32575207,3354747.83751586,2254153.84717322,2184431.01793663,2956330.55114543,3189450.98976667,"0.781478820745929"
"158","sp|Q7KZF4|SND1_HUMAN",2474529.43297396,2752929.13940265,2628041.60874444,2436289.28096868,2685827.97414759,2366475.8221907,2728985.71139153,4493185.60361985,4243628.52540819,4982565.11018492,5299482.08913954,5465430.65834825,5525854.55572685,"0.545533381937512"
"159","sp|Q08211|DHX9_HUMAN",2768865.4800023,2883865.51516992,3060505.45338256,2951219.06970279,2830633.60601472,2875986.9476694,3383202.69204833,4607027.31479098,4270432.57120253,3585837.697011,3831649.5744382,4714626.33099844,4683744.23032678,"0.30398884243237"
"160","sp|Q8WUM4|PDC6I_HUMAN",3053761.15230663,3220698.74251691,3867947.00107916,3782841.53046187,3631971.80991805,3294918.94871342,4650250.08776323,2878840.11405078,2529989.71673955,3173249.85695013,3421365.3163704,2299678.03899672,2268357.18539952,"0.16745045315881"
"161","sp|Q96AC1|FERM2_HUMAN",1535576.46166992,1417851.50111356,2029159.06295057,2600819.57944712,2282007.29177226,2348336.88873586,1744304.19240052,504605.264096791,516800.190148515,985593.935649554,1010242.27394049,477247.336722992,529564.423598292,"0.23386294157955"
"162","sp|P40939|ECHA_HUMAN",5150680.82796727,5131705.03674021,3735178.7925936,3646128.26948689,3895423.85762788,3619466.18355862,4084865.01073839,4026290.6731962,3798284.43112922,3134757.33730341,2980941.19760049,3747842.65866814,3922191.80031648,"0.701682525875976"
"163","sp|Q92616|GCN1L_HUMAN",1025212.72922082,1251297.26679556,654144.267670391,647936.175044639,728309.164160288,912679.64197583,690884.999985529,979426.975190615,976828.070407717,747148.954569574,850065.126881778,1180213.11622954,1276132.69566105,"0.633918706588856"
"164","sp|P68363|TBA1B_HUMAN;sp|Q13748|TBA3C_HUMAN;sp|Q9NY65|TBA8_HUMAN;sp|Q6PEY2|TBA3E_HUMAN",336217345.263221,417567402.206821,372360003.369074,394610992.195214,451828498.091088,405578866.792327,287046821.227174,349310726.3222,305885656.495317,382244512.243589,416525998.365761,372157424.193887,351464243.178466,"0.838094639375771"
"165","sp|Q9BQE3|TBA1C_HUMAN;sp|Q13748|TBA3C_HUMAN;sp|Q9NY65|TBA8_HUMAN;sp|Q6PEY2|TBA3E_HUMAN;sp|A6NHL2|TBAL3_HUMAN",289120752.15242,351136224.583008,320643336.234481,335646131.292481,377196112.245685,337818717.134529,261987178.104167,350954541.504893,301752066.542678,338139376.215483,370050465.916529,349989202.175118,332123706.077564,"0.86438906762774"
"166","sp|P01871|IGHM_HUMAN;sp|P04220|MUCB_HUMAN",31528552.6102865,32673293.4843649,43146476.580861,43240897.9953376,11396567.027744,10311327.1218388,69483555.9319746,12328613.8701953,12483441.6569711,9685833.79440769,11048900.167176,16928460.4506967,17273100.3763231,"0.58430778900357"
"167","sp|Q9BUF5|TBB6_HUMAN",112377704.117162,106832179.525641,110378143.855833,113393963.274487,120016944.805445,122753894.307605,80874302.8060689,129861399.432724,115740518.673904,98587951.1216497,100843136.446447,88672888.0750779,95368855.3596218,"0.438801195131209"
"168","sp|Q14315|FLNC_HUMAN",6846145.2990379,8554065.1362172,10363556.2942688,11617169.1749984,8542158.27171518,8445979.01960334,11025580.3994372,5304358.18676585,4190367.1345432,7385272.82838242,7488628.19628492,2819672.66758596,2648391.94223383,"0.103115557471347"
"169","sp|P12956|XRCC6_HUMAN",6586628.34807909,7502840.88227704,5585470.81666818,6326942.33697585,7416405.90515842,6361685.27632787,7756654.23405035,8117921.01499761,9011226.09675394,9426391.81777177,9558175.54144588,8397053.79498843,9003353.47800625,"0.620252456782971"
"170","sp|P00488|F13A_HUMAN",7892605.65166182,6891169.30947334,5458386.34673691,6292938.39632297,2950883.63582952,3019427.55411289,5823510.60267781,3565320.21296297,3625179.12255198,3703275.31241082,3756918.3423403,9135994.52894742,9870343.07218463,"0.94541470682208"
"171","sp|Q01469|FABP5_HUMAN;sp|A8MUU1|FB5L3_HUMAN",21193466.8998606,17760171.9769784,11179636.7225965,12072727.3768266,9339466.98334614,10704139.5836232,25515272.997971,39780327.4211635,37532996.7699659,3669936.16571381,3837422.58180761,30766805.1048376,28677348.115131,"0.519213419362385"
"172","sp|P09960|LKHA4_HUMAN",13040014.0853653,13964104.6841891,8179126.42716816,7888066.92909595,7641873.34120391,6925296.83396047,7765668.16945651,7364741.92574738,7026541.73422115,4513551.11874143,4503541.19002644,6658353.75807471,7135991.27516051,"0.629399855483853"
"173","sp|P09525|ANXA4_HUMAN",6865236.11891475,7644572.51421154,6457557.44174207,7786261.54009148,4600514.96884899,4921848.06895262,3882354.44429795,2697959.05649849,3242485.18171277,3547420.01167283,3282031.76566935,4453793.38624658,4107083.57226626,"0.588738890502581"
"174","sp|P42704|LPPRC_HUMAN",1856587.94185013,1805274.34514999,2063475.91601107,2072807.59267065,1316265.38582018,1211922.0433735,2453116.95812541,2668252.22166515,2796238.89918463,1795040.86810514,1841077.00544717,3701257.47153255,3740961.93898477,"0.0952099891824129"
"175","sp|P42224|STAT1_HUMAN",1527890.00070406,1727368.96303181,2842434.16056519,2184818.43081021,4075572.68251168,4220986.47509537,1915821.47883913,3952947.40983458,4118317.58610858,3150240.69004635,2904884.24129361,3174309.09289223,2963076.84888383,"0.353522241998118"
"176","sp|Q9Y3Z3|SAMH1_HUMAN",3856252.26182641,3723170.71571635,4848340.66081918,4469673.73569487,5410572.93227042,4762359.85670864,2951928.39586513,4304816.43284855,3854870.45185876,4890404.99488845,5121983.72825666,5455737.84577746,5253079.51857433,"0.622190681007102"
"177","sp|P36871|PGM1_HUMAN",3338379.86132103,3259704.38464752,5595542.81342931,6131175.58032876,3286224.92477809,3002559.49074378,2060909.86940549,3542132.86174553,3699943.87659052,3243126.08317176,3599683.3635884,2006330.34565854,1914704.49442349,"0.221957787464493"
"178","sp|Q00341|VIGLN_HUMAN",828578.864056682,726134.325756759,703350.957682465,637535.202059386,872739.87660636,848209.592080447,550248.660053412,1387800.43225423,1130157.52903129,2114263.08534741,2032212.02940538,1349644.59326856,1344680.61236215,"0.832672779621592"
"179","sp|P50395|GDIB_HUMAN",3187210.28820147,2921157.87960501,2738205.7830169,4044496.82163384,2255965.71655883,2094126.44707121,4347534.11412937,3113530.54764727,3116052.68206506,3039342.08741233,2380154.41424902,2983458.29145891,3554138.66427505,"0.671423544700638"
"180","sp|P07942|LAMB1_HUMAN",862014.260389065,1028096.99907061,1294586.83636114,1389983.187909,1263746.07566208,1521628.1900024,305994.916990638,806641.127310711,796094.572018636,2020106.11174688,2460038.23868021,558420.397544605,592202.288716512,"0.72531026089042"
"181","sp|Q96KP4|CNDP2_HUMAN",8465045.66811164,7707474.23048296,6311282.9365424,6203628.33263606,6754247.34015095,7369313.86336481,6242254.77430564,3641176.08563909,3335472.37598703,5171566.94530206,6836576.6663088,4732229.84538253,4935648.63713142,"0.112464639807347"
"182","sp|P38646|GRP75_HUMAN",5414324.53286191,5459325.45551198,2949047.45221839,3617635.59597609,3581923.68899532,3542804.05798797,4317756.49199559,5467569.58889553,5933432.00943836,4837234.89047138,5638065.03921815,4694699.37534103,4838287.10422609,"0.27210966851159"
"183","sp|P01857|IGHG1_HUMAN",175303985.467983,173534504.813224,574793814.724484,607791643.151249,223897157.536209,220957009.753689,407788738.092573,64601936.6798234,73908588.3531929,186798223.177863,173625574.055622,257957492.582045,288774226.368645,"0.591916607546368"
"184","sp|Q562R1|ACTBL_HUMAN;sp|P62736|ACTA_HUMAN",351916209.633488,374183776.003515,444763337.357505,556386379.800148,475025050.448443,484141359.149194,852027866.182247,323009683.399117,324900170.277459,354570701.402424,353389425.981898,266690428.528833,270100604.340188,"0.115830324833064"
"185","sp|P13646|K1C13_HUMAN;sp|K1C15_SHEEP|",8336989.02671606,8087237.86071327,9883833.74738218,9134247.53076097,6518024.13074258,6299154.46711836,14996043.1410593,130683307.02407,128141288.531822,10983043.6775873,8345098.27729178,18204812.6275349,18940388.0574354,"0.279979096566799"
"186","sp|P23284|PPIB_HUMAN",11659191.1625152,12807043.374851,12235258.5486543,13978890.487443,15229040.8954809,15221482.894143,10634132.4372466,12986139.9432724,12648785.2550766,33381534.3271551,33935907.6563262,18675047.6400543,20607675.7385476,"0.941217674275122"
"187","sp|P61978|HNRPK_HUMAN",9120881.99251128,8396924.72213446,7932786.81148312,7795483.45383481,10993148.7258769,9555308.63162184,7753227.277734,6967296.26352874,7202661.06562,9512872.47665041,9207416.80597998,10143640.984346,10403875.1301406,"0.829725358687225"
"188","sp|P02730|B3AT_HUMAN",40947871.2324468,44332643.0265034,22312047.8209247,22829984.60593,11295712.4522772,12275389.4307605,87480935.9930435,3546944.94576365,3367603.24605175,2348027.99096772,2489362.41432747,3742572.84505218,3815070.67358973,"0.511143685515859"
"189","sp|P37802|TAGL2_HUMAN;sp|Q9UI15|TAGL3_HUMAN",33098439.0473132,29961816.8466582,47283809.9516285,51254071.400068,49217032.8277793,50378198.2238411,35539130.2471739,36410506.2966435,39021089.1529161,40213506.3785676,42091048.2559085,24385044.2206464,25676230.2891289,"0.618164122993274"
"190","sp|Q99798|ACON_HUMAN",4364198.10686063,4257547.76683916,4364632.30005312,3459384.9402779,3479012.64839296,3520758.05466323,2634026.09396862,3742591.07347466,3633878.64289758,5167647.74648327,5346337.56345103,6629589.70874347,6802533.73893806,"0.433294136621621"
"191","sp|P49368|TCPG_HUMAN",4387674.77996382,4572629.19644258,3626879.25684419,4204999.01274762,4085343.42940688,4410005.34323905,6048695.97257491,3846078.59910882,3881702.58374339,3985147.51031486,3951924.67643151,3450077.5353012,3311929.92548139,"0.227603907790934"
"192","sp|P11940|PABP1_HUMAN;sp|Q9H361|PABP3_HUMAN;sp|Q4VXU2|PAP1L_HUMAN;sp|Q96DU9|PABP5_HUMAN;sp|Q5JQF8|PAP1M_HUMAN",7432867.21213408,9124043.91762098,7178887.54700239,7151484.18233184,7323796.47060324,7474426.43609807,7542990.93039176,13725856.7754841,13806190.4418157,10810082.35983,12364245.4251731,9001641.6682276,9603577.04320667,"0.70902415955344"
"193","sp|Q9H4M9|EHD1_HUMAN",12371936.714071,6067229.23765701,9404647.00880893,10850045.1687995,7502076.60543423,8737607.96325577,7683045.10907104,1560704.64074502,1543180.48906034,3291704.80228239,3234961.84272838,1798089.05906532,1841099.77688305,"0.4424604807726"
"194","sp|P33176|KINH_HUMAN;sp|O60282|KIF5C_HUMAN;sp|Q12840|KIF5A_HUMAN",3155461.92270875,3274666.07683591,3924784.18714342,4030587.49022537,5685459.77290918,5389563.47810454,2504268.90670154,4214245.98061895,4200119.80763006,3681846.99984405,3431968.47935172,3046752.28286616,3128071.64314202,"0.454603186728252"
"195","sp|O00159|MYO1C_HUMAN",11699527.7095031,11007537.90232,16844857.2952676,17084690.4666893,17952114.4330834,19738826.2046629,9191102.20323441,3391203.4598189,3702670.34705379,5280740.92469251,5281788.70749435,2600140.89256931,2624552.55878149,"0.382067167430189"
"196","sp|O00468|AGRIN_HUMAN",1663270.43313378,1911852.38203759,3236131.07035446,2572320.9293185,3848908.06735629,4223416.89025111,1361535.88501265,1234054.01274232,1009468.7228938,1879853.64110609,1967709.78753085,654307.58234449,684838.203604787,"0.136126798718456"
"197","sp|P14543|NID1_HUMAN",4828871.96321854,4447033.29218715,7901139.12653916,7610514.21400308,10186312.1221428,9219217.0107146,4445895.62594736,1438975.73172674,1346224.5193992,3794350.36439321,4021159.43496256,1933112.60993762,2058713.6554987,"0.0516443634140818"
"198","sp|P11216|PYGB_HUMAN",13067343.9387609,13307474.1430146,12612412.6309172,13907091.9714343,11598276.1786775,11195155.1608536,15772312.2683533,8958792.74567525,8349851.70433163,7018109.84601316,7739140.05884776,7255054.47887001,8203055.39107236,"0.495907201176485"
"199","sp|Q01995|TAGL_HUMAN",23286648.8158963,23047551.4205063,21573238.2904305,26156207.5286483,23599970.659222,22390310.3217071,17716815.214973,8794411.22740598,8349851.70433163,20582396.8131163,21133213.8118207,7725289.49138936,7469448.81138297,"0.0444460053873062"
"200","sp|P12270|TPR_HUMAN",495194.717179602,436730.555780276,533317.273610494,480638.120122137,608905.221734605,550715.812149142,372740.619430488,1118484.84496246,1086772.83465938,752410.555382966,694857.388406753,760849.302280303,735791.439483868,"0.219201916780598"
"201","sp|Q9Y4L1|HYOU1_HUMAN",1223449.56696358,1219962.4465737,1104904.1128342,974369.865223099,1507967.64693841,1355922.56961017,977793.010837516,1454655.25955922,1410598.59479589,3463818.59401614,3554026.64496193,2922157.52281804,2858423.71607715,"0.765554085767545"
"202","sp|P06753|TPM3_HUMAN",1672873.15112247,1683547.96751241,1723274.23022581,1660359.83286288,1616636.67998895,1646768.07925053,1630336.432892,1066025.41679502,1116521.73012763,898966.596060584,741173.424106863,831599.583224731,868271.091497535,"0.620246345032517"
"203","sp|HBB_HUMAN|;sp|P68871|HBB_HUMAN",41078695102.199,36604934609.0395,14923952515.9827,18294226074.9505,9914004768.38259,9427499082.82406,76318004056.4312,1249299538.84646,1215275446.07599,916694984.113585,947048585.757941,2445222065.10063,2200819739.06819,"0.509602576799342"
"204","sp|P02042|HBD_HUMAN;sp|P68871|HBB_HUMAN",34929973223.8444,28741652359.6903,11865281059.7368,14786572810.9931,8582724372.22134,8416006993.72939,61054403245.1449,1043822641.00987,992061588.633461,773137090.375042,801483710.539591,1934681194.36534,1680625982.56117,"0.50819727451187"
"205","sp|HBA_HUMAN|",1250044.65947633,1469739.15047604,1786901.38765293,1719308.82465844,415557.859005249,461450.31082112,9636811.35732747,2103707.57714896,2087867.1465375,358306.195584159,498434.688437185,1536591.39345859,1441475.26078675,"0.582439371038897"
"206","sp|P05783|K1C18_HUMAN",7809127.00186015,7375473.0185487,8577418.1116371,8763303.46587158,7802184.54107572,7872191.88003335,7518398.28966539,8150666.80547931,7738953.57997649,4550104.27329091,4297739.62711624,11487169.5915442,12271237.3329863,"0.466618552553848"
"207","sp|P01860|IGHG3_HUMAN",7658483.82997827,6165265.96315872,3173893.04624848,2920072.06425198,3381429.56137173,3372398.03189365,25059643.1230072,2136960.66954373,1764989.9981722,2990455.32938362,2864940.96769567,6046022.98302764,5561273.18609992,"0.660033099006586"
"208","sp|P21980|TGM2_HUMAN",34537501.6145877,38367394.4235488,49352476.6370122,46113545.064958,45888831.8373762,46842886.067782,50119286.2460145,8712220.46827134,7788692.97445747,25425313.7103202,27446871.050207,16861284.0203368,16806259.8256117,"0.0888959758052229"
"209","sp|Q14195|DPYL3_HUMAN",3472885.44444423,3492668.65344353,5745626.68706107,5640138.25949342,5845085.53684684,5920021.89866798,3667717.17710604,4858970.22981775,5137791.98094246,7527971.26522574,8944347.75438055,3194039.94039649,3226782.63601387,"0.865057962211944"
"210","sp|P00367|DHE3_HUMAN;sp|P49448|DHE4_HUMAN;sp|DHE3_BOVIN|",26033950.080693,29690669.1828876,28370285.9709771,25249055.8224524,24911080.1402899,23961560.1688445,17988491.1550567,16191579.5495232,15872985.4181354,18939264.2944222,21747041.598886,14241403.2363004,14805514.608277,"0.120919475894481"
"211","sp|P31146|COR1A_HUMAN",1743282.19282452,1621231.30519937,1966744.31264966,2018599.43012078,2247455.45619908,2369319.64594763,1560672.09942832,3236961.19660766,3347806.55949784,3993534.30688977,4466959.1768846,3348018.21924371,3277090.4294851,"0.743237382558306"
"212","sp|P05023|AT1A1_HUMAN;sp|P50993|AT1A2_HUMAN;sp|Q13733|AT1A4_HUMAN;sp|P13637|AT1A3_HUMAN;sp|P54707|AT12A_HUMAN;sp|P20648|ATP4A_HUMAN",15960512.1097716,16404433.6581251,17879190.6379595,19957337.5363097,15632459.1973479,15614295.3559273,16915191.0528736,15780625.75385,17195734.20298,11242485.6542232,11487348.5865084,12763521.7683824,11804396.7822749,"0.780542575452282"
"213","sp|P09467|F16P1_HUMAN;sp|O00757|F16P2_HUMAN",30220313.9127643,31995424.3249382,8029217.32188609,8769430.83265451,8713153.56558599,8849973.47733106,6346247.94200081,5987828.68774693,5517076.5814315,3569557.92485471,3523194.06907936,8531406.65570825,10070417.5939181,"0.571317317649278"
"214","sp|P19367|HXK1_HUMAN;sp|Q2TB90|HKDC1_HUMAN",1665699.47262944,1707178.91889055,1481318.24188948,1442322.63003946,1652765.23968733,1544895.66822783,2014400.9305005,1100790.67943358,1127910.17636568,1603286.92006421,1871597.22716821,2338878.18123011,2448541.94813014,"0.695407788603451"
"215","sp|Q13423|NNTM_HUMAN",2818757.07537728,3039581.87256843,2156644.32227595,1969497.43704706,1610202.00981794,1741364.45155845,1458001.11404344,3667462.10820094,3716929.01843962,1781528.87311438,1743451.13510383,2359279.69000099,2627707.63862037,"0.822906601666675"
"216","sp|P49411|EFTU_HUMAN",9257493.87264346,8264661.66287626,5125839.65267711,4818571.10367864,6028945.05874123,6003460.49486688,4290234.22407399,4652967.54783209,4837826.3321032,4031083.53874977,4886142.63304235,7658113.06102945,7869597.85484991,"0.677450087014449"
"217","sp|Q12906|ILF3_HUMAN",1400929.83994921,1343656.47895199,1244809.58000248,1098153.88829662,2003421.18397194,2109215.5099384,823504.04975562,3039977.98140797,2580965.1157935,2481976.85611462,3647115.52559825,2826203.30890571,2749304.74654746,"0.816890518488452"
"218","sp|Q86UP2|KTN1_HUMAN",1106132.91651908,1186745.6159055,904643.18109026,1190329.33836209,1257497.6253963,1299865.13791541,730886.308835624,1189054.9173173,1346893.84599197,1008582.16904505,1023826.26533031,1603602.82708554,1431331.05637613,"0.14097583862639"
"219","sp|P28838|AMPL_HUMAN",5330704.64691868,5572421.48229382,4730001.08034322,5296024.79231834,6262046.4862188,6480067.21703738,5662942.83023112,5104852.95880692,6009824.93991648,6314705.1480927,5106045.67836585,6190749.87368913,5999114.88828034,"0.0326143014710397"
"220","sp|Q5VTE0|EF1A3_HUMAN;sp|Q05639|EF1A2_HUMAN",17268750.8072939,19115910.2958317,19061285.8867502,19957337.5363097,20372624.2442857,17872967.0111873,19457633.3321696,40848807.2899138,37284981.3728076,26463081.6168639,26482284.5276758,45075384.7714979,45150150.4045202,"0.11129287422154"
"221","sp|P07737|PROF1_HUMAN",40293751.8836857,40672149.5655994,22016524.008727,24190712.1652238,28340135.7061598,29755543.9801634,48068951.8086776,29013337.9745263,28852457.8694232,25079391.0748056,22711628.1214173,24250691.3599266,21474665.332726,"0.5694686985925"
"222","sp|P19338|NUCL_HUMAN",3192815.00779871,3652572.86074995,4605321.3807618,4705585.86214114,4015542.79767404,4219109.87935528,4188264.49270649,5825631.55739272,6797460.64845251,4518895.76788283,5038225.24570035,6784819.46635065,7002608.26067153,"0.235071972166937"
"223","sp|P13489|RINI_HUMAN",15698864.3702671,14506400.0117305,16992619.2013665,14210185.8603182,11094003.3013437,10605936.4681771,17220682.8512821,9698509.57788697,10499318.4797041,8357326.52964687,8029818.18724392,9001641.6682276,9603577.04320667,"0.601618271400177"
"224","sp|P30153|2AAA_HUMAN",2408403.75184573,2623301.40089357,2408595.10916557,1978605.52593006,4433682.90646889,4391036.0611978,2955499.54536802,2017087.75033093,2074904.36056214,3169808.38420945,3037785.05655006,1630043.01193195,1647197.44210332,"0.428453270684535"
"225","sp|Q14764|MVP_HUMAN",4544217.04084875,4193867.92320389,5020862.01439871,4852258.66761439,4999336.03173072,4119242.60998672,4354744.15618495,3619071.46945566,3509695.36099126,3750786.84202995,3767697.13811254,6200678.68780801,5529256.40414627,"0.584320337804041"
"226","sp|P35606|COPB2_HUMAN",699304.127627728,530086.633510257,437261.60280344,453217.936392267,461517.794730294,404392.454724781,522544.266391301,1432518.93007139,1377741.36038408,1098641.63368029,1004295.7620088,1259801.0685651,1060578.46086735,"0.253661233553222"
"227","sp|P00734|THRB_HUMAN",6038436.56466909,6154725.8962595,11227074.2330052,8533020.08573717,5108954.50471198,4283490.60939263,10459924.9562008,2708897.96517792,1907749.05544981,5266749.79312411,4764408.86664864,2315354.89909811,2471222.99880507,"0.103273501143408"
"228","sp|P55084|ECHB_HUMAN",3210745.66851621,3768721.53978466,3360152.30594183,3037461.4214887,2913532.48570242,2963874.90705417,2265103.56518158,2446188.01139005,2552195.63974238,2410418.25158649,2395037.86415681,2149090.23251443,2279079.4437845,"0.468546081607257"
"229","sp|Q92597|NDRG1_HUMAN",1203273.00342263,1206189.86216116,1961342.96335174,1807548.50980881,1301032.9592366,1441980.42359174,2691940.22093659,10356035.6509641,11904739.0636015,1244042.22357076,1301430.87204714,3365529.02410802,3306790.0130188,"0.20678533312707"
"230","sp|O75874|IDHC_HUMAN",3716080.44048945,4078708.42609581,1619799.95999816,1820230.69628249,1458423.49733783,1353645.37193718,1164839.96224163,3513851.52864428,3777405.8228747,1937177.29568502,2471721.14929209,4193621.98221739,4158711.44342667,"0.806233077782446"
"231","sp|P49189|AL9A1_HUMAN",2606872.39287107,2171989.43196481,2533699.95669132,3033906.62355057,1744102.08818363,1703934.16028666,3166548.46758556,1564286.77375091,1587708.97836071,1143756.86985774,1282148.45161025,1998252.60965115,1856122.53040628,"0.674685340977035"
"232","sp|Q16531|DDB1_HUMAN",1165427.43082839,1137903.90016349,1050507.1927804,1051328.01550807,1076711.0919891,1067024.45426395,1479145.00134805,1928992.98157347,2003810.7105911,1124210.66786799,1102707.78790594,1185101.07953417,1185767.23391486,"0.342631927832504"
"233","sp|Q99832|TCPH_HUMAN",2642286.85136472,2868418.09854681,2604622.20660206,2744582.03813776,1900811.46255052,1932857.50005829,3258680.01087791,2455665.4204287,2650413.35886861,1893987.89816494,1782721.39476257,1941993.02233256,2051500.94964968,"0.790559429964763"
"234","sp|O60763|USO1_HUMAN",5030517.14385828,4629072.80849279,3069498.06419583,2777652.38814797,2371546.32072593,2333738.69512327,3927997.31282401,1763851.75685746,1682718.27606344,2228465.14796822,2132439.08356299,2678820.66860519,2683743.32689323,"0.533112309219498"
"235","sp|Q93052|LPP_HUMAN",1811569.95687627,2221735.131377,3185659.1849797,3392621.95686583,4057670.10078624,4527387.16672632,1807836.13890544,1757383.55041237,2081244.9618226,2887738.60653849,3057495.77883296,981917.50839805,715434.988652365,"0.588681370523652"
"236","sp|P46821|MAP1B_HUMAN",286869.438453708,332555.590415146,424933.335521514,462172.22344877,373975.733974223,305403.160194948,412970.732390524,215595.217264445,355364.224674483,244126.374837529,268419.066645489,1902285.63288881,1918790.14753956,"0.172161352307238"
"237","sp|P13797|PLST_HUMAN",2547875.51241559,2309821.06977421,3521991.13420613,3556447.07340586,3501134.58012053,3910522.61483237,1844463.07864464,2181250.68967345,2258993.27323091,4081376.176528,4296629.27403222,1358624.23801466,1305746.54592836,"0.549626916080601"
"238","sp|P61981|1433G_HUMAN",1890422.02314064,1594401.1177856,1656229.02517777,1891945.8374898,1538129.01860253,1698575.47160486,2234470.58338816,2119995.68892318,1877771.16488521,1896536.33875939,1926762.47231402,2142559.77996046,2172102.25867166,"0.217661858131436"
"239","sp|TRY1_BOVIN|",2380994429.49052,2426771590.74743,1669709538.91688,1445395051.87212,989383385.328924,927037409.811032,3234972112.24275,688758561.548244,692789676.062367,716924662.103926,735716447.639734,799399521.282899,1007041759.39181,"0.52143792546169"
"240","sp|P11413|G6PD_HUMAN",3760303.06081533,4069468.25329836,1954635.88050772,1933037.56760384,2022302.97789877,1739430.39619348,2969657.45549283,3638138.83873661,3911223.12151486,1697333.82454134,1602918.61738563,5236133.73047824,5696590.74981689,"0.551980897539126"
"241","sp|P11678|PERE_HUMAN",1169818.59668126,963225.404783202,585591.984122375,628183.124141574,762163.577031309,725833.090185033,5435709.17850927,2820823.42510087,2825567.85332897,741814.710002724,765933.110211486,8665759.51642806,9136736.49249523,"0.1376123105854"
"242","sp|P50995|ANX11_HUMAN;sp|P27216|ANX13_HUMAN",6793044.96175297,6895305.17766262,6961230.20620972,6728528.06333892,5051451.40922862,5179084.23404087,5569030.91775865,4193809.68643687,3756314.19171541,3526745.99638489,3492129.76969959,4670153.03715226,4392316.56763302,"0.605323142977344"
"243","sp|P40926|MDHM_HUMAN",21455114.6393651,20878370.110341,16401571.5769711,16177538.7604934,16540150.3765488,15614295.3559273,23237123.6231522,14712145.8850997,15376954.6238186,18247419.0233931,17976385.1926276,19212459.0829335,19207154.0864133,"0.49533330219109"
"244","sp|CAH1_HUMAN|",417328144.509602,435192000.351914,208344287.599363,229811765.569626,62731545.9403252,57939838.1131895,1013776471.79438,19972354.4697164,20750621.5622499,12539695.5374028,11136589.8510425,22235398.4491294,21674739.8544595,"0.510388244319734"
"245","sp|P16615|AT2A2_HUMAN;sp|O14983|AT2A1_HUMAN",3086006.60009958,4035142.0029835,3203625.57730654,3398375.61343188,2874167.17590849,2985866.69636699,4071099.66903569,5395410.67793488,5595607.93455935,4054545.6705894,3651307.1652695,5020770.01583262,5153254.88357099,"0.0425443676143042"
"246","sp|A6NMZ7|CO6A6_HUMAN",1040266.94772203,1050726.25139693,3107018.09985674,3098603.39054528,2288642.1370961,2297549.16191592,3257066.56625878,140734.021593671,125267.602246511,754802.950103578,717446.690383763,379598.801974237,341592.397279857,"0.161418340090148"
"247","sp|P13010|XRCC5_HUMAN",1585468.43381765,1548118.81866473,1621320.4211462,1478463.36033742,1577659.18629406,1389453.87803863,1384324.19817318,3674205.67423682,3510232.21925354,2337636.5450462,2582126.1170629,2880404.74609446,2824560.74313962,"0.353251230379345"
"248","sp|P48735|IDHP_HUMAN",2522529.14381306,2332759.13854677,1998144.68553615,1620998.85446526,3317112.04495872,2639144.10799948,2423785.88516319,3145019.80826904,3385648.37263958,4567136.9330913,4397147.64910378,5288782.85337071,5014694.4873299,"0.44562785614588"
"249","sp|P63010|AP2B1_HUMAN",704957.487147272,711951.153689596,737554.2802466,800489.055780221,700894.525609482,721215.140237816,1143338.30889165,580850.064842381,548435.415661554,728328.690256189,833250.321245005,454540.359195325,429079.999776823,"0.168526347062223"
"250","sp|O95782|AP2A1_HUMAN",1290081.39282315,1082145.46077061,1243811.14644921,1068950.84908017,1351105.15918922,1355585.91361792,757105.172776592,1274571.5452461,1141155.92145423,1518399.6794327,1662931.55958771,1042057.82704445,1164769.29081347,"0.525007881373995"
"251","sp|P27348|1433T_HUMAN",3159984.68965598,2739366.17192798,2488643.22748698,2219705.61972183,1858356.85205037,2219245.07338079,3141134.02320077,2547082.6561048,2344957.48990846,2148668.17794405,2209331.36039872,3187940.10353994,3009225.32046626,"0.865744910740886"
"252","sp|P06737|PYGL_HUMAN;sp|P11217|PYGM_HUMAN;Int_MassPrep_sp|P00489|PYGM_RABIT",11079928.8146981,11624550.2530324,11043069.6663265,12202152.0472864,9157622.36038262,8793275.8182814,14194747.9437296,9698509.57788697,9093897.89580673,5891645.41866623,6505564.95227043,6111190.3410142,7135991.27516051,"0.564810850575741"
"253","sp|P36578|RL4_HUMAN",1295148.50310932,1349430.02588551,1698576.08324949,1464494.8921628,1576496.15956906,1575150.81761173,1930082.02118798,2542717.36927241,2417000.12532724,2241551.59931044,2208790.15019266,2681302.91697518,2673790.75519336,"0.362088902604754"
"254","sp|P49588|SYAC_HUMAN",1521178.72441162,1495837.49136496,1026828.0450072,1062823.82731727,1173715.48554176,1169711.35898006,1549269.64924526,1751272.19569575,1777764.12462198,1950968.1051848,2119447.3219911,1560414.52161809,1616247.84030879,"0.967912717699015"
"255","sp|P31947|1433S_HUMAN",2270897.54796578,1998209.77034712,1525100.12421895,1321472.28009633,1445980.24438061,1572179.06269225,1613992.95282666,10191654.1326948,8680538.90054278,1696203.12105954,1632417.61995561,7120701.61815019,4579192.60933019,"0.121022413787542"
"256","sp|P69905|HBA_HUMAN",405553996.231901,661600299.600417,161060477.647735,158751548.584281,218854428.762871,154178891.250352,373616497.47029,105131.03991648,87647.550418706,89113.6877621943,98616.3724996616,2258640.04031686,2555113.52683347,"0.501445736332158"
"257","sp|P62805|H4_HUMAN",49713070.505846,54229532.7541325,41668857.5198726,41124210.6808805,82801606.4582106,75223586.4317003,41006688.7467391,37561176.9245283,35796888.9898574,83713277.7945236,86725097.3439448,36543978.1157897,35679956.3758026,"0.62929634760623"
"258","sp|PPIA_HUMAN|;sp|F5H284|PAL4D_HUMAN",77578554.7630701,67786915.9426657,121312524.907147,112789195.470356,110940033.013437,90739678.6721816,84063711.9308152,101094633.735601,89285542.9770115,66676587.9954315,66468780.3707888,61869492.3614748,76028318.2587195,"0.995849467466448"
"259","sp|P12110|CO6A2_HUMAN",9288089.30830388,9842097.32757427,19504571.6050467,22829984.60593,14523058.8672136,16105310.9331578,32121906.1849457,3742483.81042445,3448406.37309464,12972098.831796,12627314.4767725,8598583.08606816,8269746.89831685,"0.509502255993397"
"260","sp|P01859|IGHG2_HUMAN",30089490.043012,31724276.6611675,65901810.1200822,69094721.6219206,15430750.0464144,19444216.8583246,20912110.4489347,11177943.2423104,10995349.2740209,27241407.5467716,26131525.7922098,10345170.2754258,10403875.1301406,"0.0538753466740843"
"261","sp|P51884|LUM_HUMAN",27211364.908463,29419521.5191169,63537619.6225008,53521950.6655577,73522985.5152686,61867962.7310329,104567056.304185,17177868.6591388,17361077.8010856,48688610.9486744,47352429.287897,16794107.5899769,20007452.1733472,"0.615611444550093"
"262","sp|P32119|PRDX2_HUMAN",167454553.28285,172178766.494371,107127381.921658,108102244.988344,43468322.0261739,43700386.3735074,309828314.975362,19314828.3966393,18105123.9925607,11328966.3131018,11224279.5349089,25123984.9546054,24542474.6659726,"0.529001806632798"
"263","sp|P07195|LDHB_HUMAN;sp|Q6ZMR3|LDH6A_HUMAN;sp|P07864|LDHC_HUMAN;sp|Q9BYZ2|LDH6B_HUMAN",13026709.2350161,11920702.4954671,10494199.6599476,9079464.42755507,7177766.57412143,6620781.40056642,15765731.2051149,9698509.57788697,9424585.09201788,7675511.16522638,8493289.94083519,9807758.83254649,9603577.04320667,"0.578334104932624"
"264","sp|ANXA5_HUMAN|",12782204.0837036,8878847.73845306,12444502.4934847,14829163.376466,14220495.1408133,10311327.1218388,11722578.6515214,7547000.20782366,7733346.31560266,12626176.1962814,13153452.5799714,6523441.07921367,6802533.73893806,"0.0680696899972566"
"265","sp|P22626|ROA2_HUMAN",7972989.76748361,8241962.97275144,6300611.78446108,6622518.1002603,8089781.7429721,8077457.28697457,6674893.22633448,9780700.3370216,10168631.283493,8201699.15733341,8396264.70887357,9874935.2629064,10137109.1011626,"0.0602463784488138"
"266","sp|Q15661|TRYB1_HUMAN;sp|Q9BZJ3|TRYD_HUMAN",12213253.2733004,9436734.32780886,63094333.9042043,86179412.0886099,34593119.385099,40361480.4483405,57181549.3079529,2358173.06876359,2528927.15925443,10377679.0654368,10084313.6446447,5169396.35451894,5404912.43642997,"0.0678365771291421"
"267","sp|P07910|HNRPC_HUMAN;sp|P0DMR1|HNRC4_HUMAN;sp|B2RXH8|HNRC2_HUMAN;sp|O60812|HNRC1_HUMAN",17661222.4165505,18980336.4639464,16549333.48307,16933498.5156567,15027331.7445474,16301717.1640499,19623866.6046806,16849105.6226002,17526421.3991911,15307076.6215193,17713316.1410282,16189519.7167377,15739195.7096998,"0.0681563645434082"
"268","sp|P01876|IGHA1_HUMAN",15960512.1097716,17624598.1450931,28518047.8770759,27970510.9410401,14321349.71628,13944842.3933439,50574916.1209783,9451937.30048306,9093897.89580673,29403424.0187376,43231014.1461727,26534689.9921635,27810358.5209526,"0.892203276790405"
"269","sp|P27797|CALR_HUMAN",6987876.10918354,7433352.70861479,8748897.96098864,7448520.34949314,7851642.87452658,7708986.65728303,6692695.53985533,11753278.5562529,11491380.0683376,13663944.1028251,13767280.3670367,11016934.5790248,11737705.2750304,"0.666184433121831"
"270","sp|Q16658|FSCN1_HUMAN",1672095.73158471,1382973.8286408,2140435.19580548,2474427.97071697,1665095.68781043,1705594.83978291,1847453.26337874,5506282.38821694,5250528.89096128,2575689.85011976,2719672.23018561,3590096.9475888,3149055.68573255,"0.177985979021015"
"271","sp|P00751|CFAB_HUMAN",4209426.49864797,4139496.62360523,7589774.23322672,7892429.14043401,3434146.71895907,3294043.36580797,6940442.88558316,1299951.32510056,1226514.06455919,3623499.21189926,3417928.29378124,2708785.76197601,2603060.0854825,"0.141764049728922"
"272","sp|Q92841|DDX17_HUMAN",2001844.81505123,2489969.06133311,2263133.33286755,2587691.99811682,2875917.9851164,2743985.93081533,2261063.38664036,3514577.72016517,3487370.11199384,3845662.15857539,4259118.9121297,2996480.14757965,3525663.05396784,"0.738306869941723"
"273","sp|Q14103|HNRPD_HUMAN",6338636.10745023,6442868.48822454,6009786.88362402,6447431.08687499,7601373.84405083,6374385.88132039,6929811.85368443,4613015.88719825,4230966.86898072,9080469.18225721,10259693.0123777,6207233.93115184,5750316.71245318,"0.657300046064424"
"274","sp|P19971|TYPH_HUMAN",3172210.41184257,4080850.20929029,2742718.19077726,2903485.02965171,3733632.88916845,4523601.48572743,2154924.30406739,4033354.73387825,3701825.41150562,6522177.77745108,5857623.68155446,6784819.46635065,6281399.59016323,"0.496944838165082"
"275","sp|Q9Y678|COPG1_HUMAN",2704447.66001356,2030160.92303726,1603079.33352545,1217469.5341024,1266997.72903825,1275407.06279487,676491.906249079,2358166.13926068,2169931.7096522,2892764.01665167,2957183.39559777,2891246.78683704,3020315.11774841,"0.835215595848616"
"276","sp|P09874|PARP1_HUMAN",2205012.30671952,1939513.04729465,1805968.59435926,1583870.36885698,1641199.84916007,1683733.59776363,1471117.19069221,2435670.04021781,2623034.90445414,4718663.52055211,4370223.2454666,2919368.24658838,2761048.37802983,"0.891321285054628"
"277","sp|Q9H223|EHD4_HUMAN",3578810.82896146,3169726.68696085,3830546.08515648,4064027.52723465,4474321.86432038,4117897.60636914,4762452.64418765,1051025.03284908,799124.767510935,1074198.29574424,1288941.73283593,1479000.93290052,1360962.21943708,"0.475015382370056"
"278","sp|Q15746|MYLK_HUMAN",2261801.48204339,2551379.50612595,3436230.68392399,3694002.51134608,4485970.47197494,3502445.00217455,3397500.15704754,1230495.25807596,1291326.94698433,2211518.64625385,2422195.14704122,985168.417026551,1036755.86633505,"0.0674538010698436"
"279","sp|P19823|ITIH2_HUMAN",12065934.5635825,10918310.8389798,8669799.67097582,10464239.3917233,6087802.12084895,5663967.74163037,12216766.7468535,2195173.51824702,2121850.34853102,7855610.76606959,8650262.46874777,1839037.76481865,1992481.25392391,"0.089141084280352"
"280","sp|P61158|ARP3_HUMAN;sp|Q9P1U1|ARP3B_HUMAN;sp|Q9C0K3|ARP3C_HUMAN",4947726.13048079,5900729.39732282,5728313.22800013,4271859.30329937,5309014.44027709,5009109.68886708,4362322.69573636,5899425.74473809,6142495.53688772,5533737.32918492,5784497.1198113,5560622.88127808,5423159.67764441,"0.578400850406361"
"281","sp|O43491|E41L2_HUMAN",1370756.33874176,1320862.20371716,2221162.16926399,2129414.21897412,2370795.32730063,2358602.74683322,1371759.46738973,692748.44208829,663910.094154377,850769.78591724,822056.534219246,750417.420668569,721191.647501073,"0.434856839186009"
"282","sp|P50454|SERPH_HUMAN",4078617.09932398,3665893.04260648,3164511.73739789,3361271.71314676,3257646.84993185,2618576.50544029,2932160.33103693,9534128.0596177,10747333.8768625,14269308.7149756,12188866.0574402,4667243.7045498,5683001.40086036,"0.796069618429339"
"283","sp|Q01813|PFKAP_HUMAN",419552.262934741,379730.838174146,352395.981927537,391291.180264795,487083.98484244,390264.524112452,434245.069717739,947194.570381973,988051.170567513,796447.465867996,953268.227378667,739408.089789696,683846.308153605,"0.681418643111378"
"284","sp|Q14112|NID2_HUMAN",1312593.49185368,1351753.0382132,1311076.97760673,1298683.66780707,827490.111198394,1158750.04998787,658372.977122821,514815.567477115,490195.562126321,1207454.65058385,1454556.18870565,523598.78514856,584038.409317317,"0.0565109397877551"
"285","sp|P02786|TFR1_HUMAN",1293958.88686251,1026850.72672411,1485600.60357108,1579976.25687083,968058.604333369,923707.771019261,920625.102860204,5870661.87626523,5870226.21222342,1169424.32508889,1134040.2362007,2928668.6581177,2584950.51354571,"0.152507224003707"
"286","sp|P07996|TSP1_HUMAN",1597627.77989745,1510080.33449177,2203894.1026606,2246642.69587958,1307927.48492136,1305612.14037427,4299607.49653733,1930320.52424929,2055311.36574705,5057254.24970396,4637136.23135661,1140064.92646977,1056260.10774421,"0.870934992308517"
"287","sp|Q16787|LAMA3_HUMAN",787142.364100824,750864.999727651,1652834.29143039,1895865.42985546,1680387.55707224,1342433.52813889,882911.322070274,475786.851206062,472242.178087331,632811.363784207,652440.821312465,650814.894793365,549065.506497669,"0.263875705235792"
"288","sp|P00533|EGFR_HUMAN;sp|Q15303|ERBB4_HUMAN;sp|P04626|ERBB2_HUMAN",360130.485258121,283438.417795121,415179.244068498,333863.156817838,295083.363616519,234542.214170693,430307.839607698,525228.97499025,554945.312066771,3327422.04516084,3631807.47785669,368949.023534166,323393.978383588,"0.867849484903636"
"289","sp|P55786|PSA_HUMAN;sp|A6NEC2|PSAL_HUMAN",1973056.7163844,1580397.05135872,1895649.54775831,2017450.23219633,2169304.17454053,1974663.54833484,2716020.5218156,3113957.65274902,3028043.57595778,2312708.15352583,2163432.75504069,1786386.5359451,1759699.56442219,"0.594841226595664"
"290","sp|P20810|ICAL_HUMAN",2112798.60338876,1938256.40531247,1852803.54205826,2004504.17041052,2579677.17092351,2334635.88664223,2070997.9085014,1612430.42104591,1751617.97025717,1514279.71489952,1580273.93770715,1336340.78221902,1224841.75599748,"0.38438528408725"
"291","sp|Q9ULV4|COR1C_HUMAN;sp|Q6QEF8|CORO6_HUMAN",1906350.53442363,1968494.65991382,1490216.26882904,1604594.17096521,1864520.00556749,1765951.22087975,1040641.30134554,1062654.68088735,1167720.37280087,1737643.20164873,1542900.67073328,1482480.78149074,1560497.32758858,"0.40904458065847"
"292","sp|Q16181|SEPT7_HUMAN;sp|Q6ZU15|SEP14_HUMAN",4748137.69469288,4960129.94255855,5585791.70233394,6194042.5618553,7268449.96060964,6531253.09758655,4726746.77163143,3779975.59697867,4098463.41619936,7115194.09219358,6835370.36843407,4934137.45329334,4960749.98929576,"0.883492865940471"
"293","sp|P01011|AACT_HUMAN;sp|Q49AM1|MTEF2_HUMAN",17922870.156055,17082302.8175518,38270333.6795993,42484938.2401744,11900839.9050778,11587967.6226379,13887563.7719388,2225965.86040868,2192642.05298351,10031756.4299222,8944347.75438055,10009288.1236262,11137481.70983,"0.455974281886685"
"294","sp|P09429|HMGB1_HUMAN;sp|B2RPK0|HGB1A_HUMAN",3661510.95376367,2980196.00603667,3591708.70789359,7592341.51299453,5060124.74740272,5657509.61407741,4189370.85316887,5630621.50067902,5417575.81499848,6147825.60169681,7349932.87916375,5328209.30762387,5862835.34158702,"0.826986689653739"
"295","sp|P10909|CLUS_HUMAN",11839093.2917194,11355340.4151835,14340582.5943178,16782306.564624,9561863.18980825,10409530.2372849,34400055.5597645,3054945.06658975,2976806.50412547,6731197.51812299,7289812.9406401,6491234.46824164,6006407.08507068,"0.333874676706381"
"296","sp|P53396|ACLY_HUMAN",2015104.91186288,2210954.64462301,2516123.76070753,2021426.42478078,1399485.38849326,1690193.4939547,2940077.77036749,3461115.34610886,2540306.55293049,1883529.64593443,1717866.31503017,1985638.21619934,1889888.40651149,"0.551554524866619"
"297","sp|P68104|EF1A1_HUMAN;sp|Q05639|EF1A2_HUMAN",9455828.58927333,8714357.12535496,9651651.75846047,10516754.611128,7662543.69723189,7738744.2409419,9026426.29641755,28848956.456257,23148103.7347808,13145060.1495533,13679590.6831703,25459867.1064049,27743667.0137082,"0.0628016251549077"
"298","sp|Q14624|ITIH4_HUMAN",5034972.56136912,5408670.60340612,5102562.16697983,5334827.58666387,2173625.62366359,2337085.40132189,5448171.63975006,878621.444162639,785722.218903794,1279895.80493754,1373888.79293564,1410121.21526297,1352095.57821361,"0.477124856973436"
"299","sp|Q16851|UGPA_HUMAN",2458277.17055226,2144338.09012017,2229812.21330701,2241365.4587585,2377237.35380437,2498581.54222443,1484699.23409091,3166149.61492618,3214066.96573505,3008153.20273613,3078013.26725296,3279847.40104046,3318003.3289746,"0.40509991513901"
"300","sp|P02748|CO9_HUMAN",3354863.19925212,3238168.19810322,8939545.0577674,9358414.05800071,3268929.15477686,3206723.59099058,6308574.92163168,1071710.79160138,1141061.34822299,2443357.70975756,2320913.11583495,4694659.44164023,4629896.27091703,"0.821530901290006"
"301","sp|Q12805|FBLN3_HUMAN",2733475.31419302,2891013.85830699,4196953.5651536,3824247.11087554,3479644.81193181,3548480.22064747,1936599.9081548,1119530.13306471,1002215.94993772,7225664.60172924,8242026.48297676,986774.137928501,1077537.27618195,"0.640580632885003"
"302","sp|Q08380|LG3BP_HUMAN",679240.329160365,695305.512628308,2387812.78568658,2322412.79463015,1712898.5993023,1597927.14768573,2122962.85022106,1014290.19277591,1097538.73579559,2162554.22599904,2384997.21032887,2507914.07709543,2347615.34134216,"0.624423668451155"
"303","sp|P14866|HNRPL_HUMAN",2561552.06608478,2492981.38986116,2579048.53339163,2271131.40586837,3700073.57254935,3048043.28006488,2095521.14677395,4523694.42300452,4397597.14947208,4478028.61560506,4942276.09769429,4664903.80840986,4372573.44191331,"0.615999911668327"
"304","sp|P60842|IF4A1_HUMAN",1288461.7280345,1250877.45876463,1018033.48922897,1124659.72842157,998029.864719317,979999.530568959,1194114.61341736,2107801.36489052,1880159.14393444,1439477.24680106,1560067.40567511,1650674.91301897,1781325.03659259,"0.286646058266837"
"305","sp|P17987|TCPA_HUMAN",2442650.88726493,2320136.15461088,1681947.20805475,1579583.05196377,1762010.46501297,1412599.14837907,2798426.34243298,2734311.93967581,2618753.82139825,2140068.22902998,1792236.10165083,2657176.22322923,2649729.07360833,"0.576049974300793"
"306","sp|P27816|MAP4_HUMAN",2165607.7934598,2056163.1963089,2818424.841177,2774298.17657128,3739717.29946722,3689107.1241936,973963.581616817,1804035.46255203,1571754.60090297,2748005.32945173,2564513.93255738,1094041.02595217,1141463.96561508,"0.238502857210352"
"307","sp|P62258|1433E_HUMAN",4035663.9506583,4353650.46926506,4944087.88913835,4623660.68765877,5290193.20145447,5474657.48814863,6460609.290998,5923781.48526727,5287771.02436735,4087704.48349249,4374557.96137985,3413374.4706348,3389320.79124802,"0.817891598431713"
"308","sp|Q10567|AP1B1_HUMAN",214301.213408387,146677.15287748,230244.076894796,140199.603809036,227971.459496454,140725.997854851,86685.7869101173,89280.7501792855,135028.828971066,118380.846455234,95264.2803507807,102219.970640346,77229.4889919739,"0.558852849370696"
"309","sp|O60506|HNRPQ_HUMAN",948586.922445043,962282.150796876,624613.001331481,641941.05193028,579737.384025011,446518.886933758,449991.671913097,1531551.6039591,1518951.72685003,2352754.8231469,2175379.04424875,1265527.20361132,1299923.18823634,"0.839450107941225"
"310","sp|Q96HC4|PDLI5_HUMAN",821769.841009248,750707.83657648,620896.804908095,819501.229383582,668293.358823092,732015.903830789,643233.165025374,851438.871649626,1013387.46124147,1456074.01035324,1420686.73755313,548875.928065094,429504.076265876,"0.7248864215115"
"311","sp|P31939|PUR9_HUMAN",3037035.74050343,3233398.20093989,2025885.92247572,2251233.65761572,1668454.45580556,1691812.1759066,4489067.64099928,2334113.55688085,2327957.56055467,2282170.38864878,2450061.18091859,3503721.85013888,3267737.5538206,"0.957454961654147"
"312","sp|O60716|CTND1_HUMAN",1304350.06801675,1353355.8938697,2121040.43641619,1968050.82489999,2818253.84706403,2879105.0537098,1105390.5022456,1301489.40515926,1284461.82209401,1192562.53929666,1306784.96387429,1219798.13440069,1125549.06379348,"0.0704287910571552"
"313","sp|P52209|6PGD_HUMAN",9746704.97551777,9881262.04797199,4945470.52093562,5476363.94042509,2740431.86366274,2541717.97462077,7645124.05291058,7624469.72016717,7348721.12764214,3419928.9600067,3495213.05210402,7725289.49138936,7936289.3620944,"0.87384723807435"
"314","sp|P54886|P5CS_HUMAN",347793.238208216,308574.271516053,413993.585689104,445617.836028873,365922.965903814,335326.574446514,506637.668626274,1074905.1847696,1029015.81501918,886161.113460603,1136339.67630519,641899.972052383,601272.854695818,"0.817606212858296"
"315","sp|CO5_HUMAN|;Int_P01031ups|CO5_HUMAN_UPS",1866951.37447665,1604252.07103177,2783409.56930305,2942164.1489813,1462619.58926632,1444518.53712216,4568515.76989928,544566.412420912,561614.25264435,1515380.52461197,1543211.21234904,1224058.89690209,1101632.33753328,"0.106812905188527"
"316","sp|Q15582|BGH3_HUMAN",2115313.5352961,1836716.47233092,2291640.72267833,2422731.90627918,3865262.79861294,3728347.27629634,2497889.49841136,2525744.39971007,2267716.44845838,9080469.18225721,9470485.85757941,5047867.19019853,5408577.48421655,"0.921839370123431"
"317","sp|P23142|FBLN1_HUMAN",2441835.83231632,2508203.07063122,6188132.04074624,5732236.82739344,5483850.32277478,7213019.60630151,4855944.45680281,2710320.48256355,2361033.30397183,5591602.2048065,5795767.52587372,1803269.21901732,1784199.69798405,"0.771512131414556"
"318","sp|Q16363|LAMA4_HUMAN",1407114.70846278,1593293.94459734,2152657.43268988,2234810.12955089,3214960.54419839,2926049.6821333,1396418.78681452,560684.77340114,526025.023474318,1779422.26912459,1882919.39908171,966982.096055001,1019200.66555148,"0.315934563321702"
"319","sp|P17980|PRS6A_HUMAN",1849713.92197196,1913583.36160833,1354493.77306937,1454895.65925071,1534794.24592799,1421962.64161734,1538994.83356689,1096699.12152731,977363.37609361,1259169.30713215,1415334.17766476,2361670.5555857,2300024.05568829,"0.936262384332126"
"320","sp|Q02952|AKA12_HUMAN",559454.381052416,761899.142274046,1291034.30723095,1384828.57955557,1210457.66061401,1032054.63321138,547895.519240918,228193.236169314,220015.290414813,979085.035449161,916267.210127987,194672.449679914,167021.748904415,"0.408664901101243"
"321","sp|P50990|TCPQ_HUMAN",3265118.60284359,3126445.23462021,4231715.33374621,4101312.33473686,3003344.84669234,3434168.25699201,6662870.30895592,5342669.32560072,4835091.46053171,3029530.29280866,3095384.54627448,3318244.00904328,3867782.37911246,"0.257730774192805"
"322","sp|P98095|FBLN2_HUMAN",2139550.76735672,2309017.71483172,1976154.93302957,2070701.12895592,2594119.99089902,2918554.56994452,3157932.18770909,1588414.53108668,1493825.1943715,3599316.54655962,3823129.77278067,1139562.37556366,1148809.04877067,"0.544442790256355"
"323","sp|O75643|U520_HUMAN",644131.560392793,621838.634334664,527960.069068594,504080.150459144,745777.852861059,802591.104125499,476296.28015679,1291414.42656251,1329053.53547942,1069926.77385638,1113974.23740982,1097536.68182822,1084356.9029542,"0.463038200502266"
"324","sp|P30041|PRDX6_HUMAN",15306392.7610105,17217876.6494371,14420251.8777091,15119195.1032649,10993148.7258769,9167040.74388991,42373578.3716304,7434356.58477318,7095274.42228689,5628472.47614884,5388270.06788161,9807758.83254649,10337183.6228961,"0.682753394332415"
"325","sp|Q04917|1433F_HUMAN",1014767.26414088,1085682.53188218,1111403.88542844,918126.353906972,2044235.99186121,2108850.06668489,563126.478044517,1854647.99860911,1967316.26672268,2966324.45385136,2301140.89414607,1227390.67789157,1803649.47644073,"0.65016227786948"
"326","sp|P05556|ITB1_HUMAN",4569719.85386768,3855802.3487054,5809034.27029572,6065676.02036014,5758482.55603778,5275328.63728376,5887012.09374281,1765273.8854808,1595678.42239544,3752521.67690971,3082636.89524453,1692734.77738924,1708847.49022279,"0.248862237420647"
"327","sp|Q8IVF2|AHNK2_HUMAN",88634.9519429409,116102.561331709,105727.573172207,110388.576959312,81654.1669692148,55542.7896362122,259254.760959895,1089714.80314168,1020252.87300293,210255.567534702,207808.605797572,117307.221533055,119628.197834047,"0.355319297882059"
"328","sp|P07585|PGS2_HUMAN",13867330.193736,13964104.6841891,27779238.3465817,26005015.5776156,31466627.5456294,33880074.828899,48980211.5586051,4553071.34577451,4389393.30939237,19717590.2243299,18590212.9796929,5478935.48277388,5449089.82651057,"0.24997080422687"
"329","sp|P18669|PGAM1_HUMAN",8248173.42630551,9508607.61257906,10143897.6869066,7732163.45132964,10287166.6976096,6887807.94390766,10397197.9880821,13808047.5346187,16038329.016241,9685833.79440769,8856658.07051408,7725289.49138936,9536885.53596218,"0.285307635237664"
"330","sp|P01861|IGHG4_HUMAN",5583858.62574765,6064101.800167,13682343.0742421,12813883.8736351,1833790.11867855,1845149.88382082,2090192.70301033,1177421.40056,1100933.85328945,1388946.116121,1287747.38355752,3494254.26200145,3696758.76596747,"0.665777473295487"
"331","sp|P04439|1A03_HUMAN",88436935.9525049,93274796.337108,85701905.5373266,105380789.869756,104888758.485431,105077333.52731,55814659.6830616,79971608.6380002,78951568.095413,74805769.9300237,82077544.0990215,63683255.9811923,65024219.5633785,"0.0676847345835228"
"332","sp|P21281|VATB2_HUMAN;sp|P15313|VATB1_HUMAN",7249549.28477299,7641477.20771969,3695847.47966678,3908064.65371038,3213398.84135366,3648987.56122797,4405728.98883554,6508768.01375908,6594639.31636776,3943230.40414091,3825490.16510753,4245061.76209406,5100610.47511439,"0.723792426903621"
"333","sp|P35237|SPB6_HUMAN",5371084.09105353,5127374.64179398,5208733.6667876,4836118.51106379,6886900.82570749,6245899.41550174,2773155.30299504,2215866.61663411,2261420.52221141,2999727.58931749,2439265.39877769,1772746.11858184,1804546.09106934,"0.459526071844318"
"334","sp|P07384|CAN1_HUMAN",3715769.92480164,3407804.65156436,3654850.99792442,3247475.8952737,2960075.69934162,2620154.45568599,5734216.22561017,3548302.34012319,2636687.75358964,2632471.25886022,3218285.41763872,1922780.27103215,2104670.57973551,"0.0679541180648714"
"335","sp|P06727|APOA4_HUMAN",7020530.76749988,7438970.07612087,4788603.72270631,4879810.85008187,5672231.10990279,4766351.87914762,19147241.3506415,2070218.83973821,2094204.22845948,3375958.62051678,3234451.62030281,1929583.29934172,1726634.33261921,"0.38851106047311"
"336","sp|Q15233|NONO_HUMAN",1089693.73399886,1355782.11055675,1163571.61188745,1114867.63505675,1242052.96851248,1142739.85662827,1025768.21474909,2493303.86242017,2414814.33090992,1705740.46756265,1543621.78509476,2559877.20301399,2487084.54542013,"0.0777714981988984"
"337","sp|O15143|ARC1B_HUMAN",3185490.0210344,3374340.90705483,2835664.73845061,2331461.59510146,2640099.63017906,2549897.05972427,2503111.84146851,4908848.40459249,4577768.17531271,4397870.55596743,4249785.46507938,3844352.77097699,3709801.07983658,"0.557157298278019"
"338","sp|P13611|CSPG2_HUMAN",341071.730965868,384525.042587458,498226.042216754,580555.225980646,314777.037985254,352765.466207275,879036.249899036,1080816.59813601,927411.043859812,3669363.5150053,3032134.29736893,395319.883782321,471310.264211761,"0.994327361339379"
"339","sp|P61247|RS3A_HUMAN",2524366.7835396,2849088.74352153,2095735.25841009,1958152.21378182,1895000.45892038,2349365.75099202,1829032.74554817,6431313.10917919,6713395.32776786,5230359.57591921,5264884.97846754,4333159.90744038,4786445.94095413,"0.492865390215049"
"340","sp|P23526|SAHH_HUMAN",2373838.37951393,2221695.54246235,1696720.97980223,2082943.50106788,1742485.22393739,1698166.23368999,2737483.25412259,3961528.89521565,3681002.02966631,2288336.10419132,2038997.2817636,2847494.33773801,2651495.80299515,"0.193057478288698"
"341","sp|Q15046|SYK_HUMAN",1062632.57752541,1019369.2963067,788363.471033411,792886.754969171,942836.716109407,1008599.68425653,1233991.14324209,1167830.28471562,1106933.7450515,1126750.93344576,1187521.15280604,1009511.87030387,1075215.21461729,"0.772156274733998"
"342","sp|P05107|ITB2_HUMAN;sp|P26010|ITB7_HUMAN",2985773.53876749,2944041.29314299,2421439.06904607,2112400.3634484,1570558.91324117,1826119.36722693,2207582.96596443,3899866.51843344,3474958.32529198,2111033.3483927,1967373.93078026,2381810.2771357,2526469.59583187,"0.981149103086126"
"343","sp|P05141|ADT2_HUMAN",16614631.4585327,15862138.3305838,7121409.16587805,7167622.11333693,12909385.6597454,10998748.9299614,5739942.32216969,10027272.6144255,11243364.6711792,5737469.5654052,5584526.11501003,16995636.8810566,13204918.4344092,"0.938531943612147"
"344","sp|Q7Z6Z7|HUWE1_HUMAN",4154535.89034326,3668009.23352872,1247763.0507443,905510.703231151,1380767.85540495,1349743.78965738,2860889.24570135,19314828.3966393,17195734.20298,740436.916749756,930369.218679382,16055166.8560179,16206036.2604113,"0.125196203683373"
"345","sp|Q92598|HS105_HUMAN",1281609.51610295,967183.100758036,504284.162452806,544129.536048214,897481.155865449,988189.340238289,789080.870979701,1964039.75906877,2047053.43185578,1428266.13373545,1397882.93442052,1327448.59513936,1427694.85333335,"0.253289530524021"
"346","sp|P55060|XPO2_HUMAN",924455.895556718,863493.355899683,1285185.75770632,1101181.68597613,1593853.71106612,1339530.13044401,1236670.37835609,4310075.47268057,4650381.24779839,1454712.12763893,1797121.27640109,2113126.54522878,2136036.43990708,"0.206173942728957"
"347","sp|P04003|C4BPA_HUMAN",2850810.01322941,2665234.0156234,5497590.87403782,6549064.05204273,1820393.22318046,2020785.32008763,10598923.6956125,1132953.9848272,1160028.25048934,2243669.9465089,1817581.74811174,1132059.22979454,1073151.45126093,"0.317004563441167"
"348","sp|Q9Y6N5|SQRD_HUMAN",8143347.38616354,6839073.83627248,4939776.32527125,4544024.70143546,4683482.5284855,4300460.41118934,2855017.1471047,4365481.08778655,4225080.56661713,3044215.13071186,3929307.59181965,4248313.55342086,4360372.23933283,"0.503616019609375"
"349","sp|O00410|IPO5_HUMAN",409004.491757128,311595.571100126,466943.122166424,355059.11249015,461022.147238817,366772.879992266,647820.537960299,950335.86338835,876345.361414273,748570.979998658,662855.557051852,637001.509541924,625202.587467223,"0.382746373464001"
"350","sp|P14317|HCLS1_HUMAN",820509.410325041,506737.828087428,432918.271604142,327317.41907641,462152.257955169,708047.78644352,447498.337888745,442141.646014289,568445.8258464,741952.944233583,1132959.25389939,1098067.72091492,815385.904691587,"0.633008593892104"
"351","sp|Q16891|MIC60_HUMAN",560083.960852161,415416.21059513,397990.010067401,331660.990865986,673601.932289849,554012.895724315,372766.254306328,580231.153302998,484424.510450997,356638.060036811,364442.64881204,590983.537747361,666690.699072584,"0.818594279050169"
"352","sp|P43490|NAMPT_HUMAN",1256726.97267225,1150495.36020084,788588.614372115,941351.007562806,1001949.42147024,922451.331488528,618489.663197075,4099892.70512198,3876186.71304341,2065269.76758044,2028116.94133744,5320701.66640802,5727734.84605474,"0.0556789565051494"
"353","sp|P78371|TCPB_HUMAN",1931217.44139295,1512605.78620753,1242296.80146198,1188270.38928823,1514625.33784069,1842647.35026116,1596748.53280025,1814384.34925076,2082074.19055566,1540439.18194881,1562710.413961,2463280.49558406,2487335.26013714,"0.374126970793951"
"354","sp|Q9NZN3|EHD3_HUMAN",251276.951698323,270264.480651212,942321.869891839,941513.065225784,599029.829342149,512713.243891544,346721.754678765,180820.166117429,111795.637601921,196434.398394252,161954.399743341,85275.4378256269,77654.0910767956,"0.284268861379882"
"355","sp|P41252|SYIC_HUMAN",371198.583390315,356396.52572952,309932.995627003,375900.906308886,326089.637023375,347564.873935414,336771.160663122,1442887.43734814,1356540.41561178,968348.707254449,983170.113186003,930060.798678109,1131086.98450215,"0.408827251373301"
"356","sp|Q16881|TRXR1_HUMAN",2269883.89191697,2564913.07712665,1328919.62554321,1361682.90177132,1524178.21464779,1253923.16428264,1366084.81235436,1172813.14387117,1312359.12637276,1039570.87348092,978264.697026012,2470760.54005055,2426255.15430401,"0.979824839880763"
"357","sp|Q14126|DSG2_HUMAN",308322.043760427,285638.004248563,547048.582598495,466403.788612415,216783.859518313,240709.214954394,461118.961291481,2027108.02604603,1911586.63902594,502772.378905656,536948.39447485,757567.231849287,989781.353076976,"0.127041059449295"
"358","sp|P48681|NEST_HUMAN",535501.964722868,612299.70683848,1476580.4453579,1483542.90158477,1194118.25824429,1226368.78126723,582882.246105835,294328.776388137,308127.031328476,643171.632303957,614921.826799016,478669.875493346,507186.095078246,"0.408802662701037"
"359","sp|P14868|SYDC_HUMAN",768838.337422831,721075.352835188,1543598.97657442,1058532.4787395,721926.451644344,742398.246830172,1722799.77087123,1254398.32971158,1313034.21436321,827815.185541825,988968.538287173,1201351.61560261,1077359.87410502,"0.264535248205223"
"360","sp|Q14247|SRC8_HUMAN",461680.03451766,398374.671303906,416115.062184204,403223.290920462,382609.383956635,348993.19926294,238355.638251937,452023.823007695,505680.28613662,587925.396135583,589847.460564009,809230.020680651,891118.026626096,"0.201334737068133"
"361","sp|P35609|ACTN2_HUMAN;sp|Q08043|ACTN3_HUMAN",13082386.9752226,12571582.5125851,17879190.6379595,28726470.6962033,24003388.9610891,31130387.5964086,17280267.5315178,22849031.0394286,19675888.1745636,35975954.0935143,33497459.2369938,18339165.4882547,11470939.2460524,"0.969717370522728"
"362","sp|Q16853|AOC3_HUMAN",1844061.01340229,1602991.83363157,3066149.13220648,2384909.7550234,2715076.16511796,2644383.13520307,5834999.9455787,308606.94257201,330868.283413312,898506.755912355,826831.228298359,464467.234400892,432060.329860017,"0.372518837495674"
"363","sp|P38606|VATA_HUMAN",2879250.88964706,2734574.32839738,2274614.63983809,1947793.67674862,1472154.07927576,1324614.92931851,2072653.83718915,2983760.70132306,3022023.71234251,1981575.60374114,1856041.43414732,2233640.87655927,2569323.01410618,"0.957429586296258"
"364","sp|RS27A_HUMAN|;sp|P0CG48|UBC_HUMAN;sp|P0CG47|UBB_HUMAN;sp|P62987|RL40_HUMAN;Int_P62988ups|UBIQ_HUMAN_UPS",21062643.0301084,21149517.7741117,14776190.6098839,14711030.3589393,19464933.0650848,16498123.3949421,19398028.5723254,16766914.8634656,17774436.7963495,14874673.3271261,14381108.1541021,10277993.8450658,10937407.1880965,"0.420350458296799"
"365","sp|P19827|ITIH1_HUMAN",5146313.39212531,6088086.68330214,3914311.77187057,3851903.61578924,2514021.34656752,2543382.65589398,5649683.49056422,1149323.88873537,1135682.9731256,4112176.30729276,4249044.50741933,1243317.96567947,1211976.06591542,"0.0448462547380723"
"366","sp|P54652|HSP72_HUMAN;sp|P34931|HS71L_HUMAN",6996323.35804861,6557971.62051201,6090083.56554625,6283627.43808008,7604372.857724,6289283.57900523,8988482.14210057,12164232.351926,10830005.6759153,18160938.3645144,44721738.7719028,9807758.83254649,10070417.5939181,"0.771673093796668"
"367","sp|P11215|ITAM_HUMAN",395440.680659826,386593.297585362,409871.04816128,314152.899586977,187281.097681525,166266.529090784,716923.472313291,1368251.27224995,1229944.4167738,215664.858547156,221185.83140187,718914.564759806,749588.757902763,"0.187803563574423"
"368","sp|P04075|ALDOA_HUMAN",2703689.45850227,2171731.93658591,1302420.7847475,2017466.44753308,1646667.25032851,1902424.6649034,5702884.63222484,1247334.44573966,1187982.37261543,2004667.79467187,1975112.81809639,4559493.52577437,3728265.32521187,"0.647717800410844"
"369","sp|P04792|HSPB1_HUMAN",17792046.2863028,14777547.6755011,18174714.4501572,17840650.2218526,18456387.3104172,18069373.2420794,21455111.6034495,38794038.3115479,30423222.0514261,15825960.5747911,14381108.1541021,17734577.6150156,18140089.9705015,"0.379920707277601"
"370","sp|P68366|TBA4A_HUMAN;sp|Q13748|TBA3C_HUMAN;sp|Q9NY65|TBA8_HUMAN;sp|Q6PEY2|TBA3E_HUMAN;sp|A6NHL2|TBAL3_HUMAN",83073157.2926636,86631678.5747267,95158667.5276523,121104752.777152,127076765.088119,112933582.762997,77684893.6813225,91231742.6394452,89285542.9770115,112424856.542232,113996589.026419,113528167.308244,112041732.170744,"0.641700967331574"
"371","sp|P40925|MDHC_HUMAN",13213210.8449748,13692957.0204185,9919851.19221997,10309895.7159583,9543014.35515668,8316512.69488314,8224782.47161091,5428664.64730505,5793009.7722473,7768733.03124571,8374112.09722542,6174671.0573708,5633263.27490646,"0.332382408130852"
"372","sp|P62820|RAB1A_HUMAN",22109233.9881262,16946728.9856664,15515000.1403781,10186291.4306321,19565787.6405516,21211872.9363541,13946132.8098982,14876527.403369,10333974.8815986,13923386.0794611,13504211.3154373,9404700.25038705,10003726.0866736,"0.369358448352099"
"373","sp|Q15365|PCBP1_HUMAN",11104192.5843807,10442234.408912,9951937.45075504,9049716.26969016,10690584.9994766,10507733.352731,9641655.98777458,9451937.30048306,9176569.69485952,11761369.607495,14468797.8379685,9270347.38966723,7802906.34760542,"0.376302834283188"
"374","sp|P31948|STIP1_HUMAN",1504743.9286774,1862532.967425,1359356.42471755,1437147.68788054,1536687.2136942,1518722.42463041,2111276.53943649,2551003.03120748,2643270.91142836,2002931.27687849,2005324.8789766,1611912.80007385,1753645.83959202,"0.498692941138949"
"375","sp|P05155|IC1_HUMAN",7325256.7167483,7428369.39822863,10759418.6355829,10927585.400234,7888414.38416065,7722094.60290623,12494834.0395646,1531251.78275458,1612004.23019212,3702459.90270958,4123292.84443259,2004788.55925242,2165543.95923598,"0.291307188533657"
"376","sp|P51888|PRELP_HUMAN",10509571.9498982,8656960.92139962,20243381.1355409,28877662.647236,28844408.5834936,28675309.7102565,25059643.1230072,1664121.25465792,1868263.31441062,16777247.8224562,15170315.3089003,3141177.51016941,3646120.57476638,"0.295538453733096"
"377","sp|P24752|THIL_HUMAN",2687056.15847752,2456377.34732793,2392236.04425613,2275940.85206911,6298654.19390267,5454651.40118325,1536784.4641479,2006082.91151216,2086412.5238324,3211744.91566899,3259014.73630145,4021192.04624693,3845087.98813533,"0.522176408342635"
"378","sp|Q6NZI2|PTRF_HUMAN",4520172.65887101,5069752.31831164,6649298.64007692,5685773.09304342,7216984.30946635,7045038.70417907,3006940.6229939,835598.757868129,695668.579599573,1834503.85381524,1702116.44720093,873205.840092525,911248.304548336,"0.400359083508928"
"379","sp|P05109|S10A8_HUMAN",438863.467786807,355474.445121963,402086.778657611,392906.938709475,181539.376404563,167131.127388545,345766.623239437,5051760.68809518,5249454.95700989,262900.312153799,224504.486158948,1246637.66565971,1236794.38999365,"0.231279911769324"
"380","sp|P09622|DLDH_HUMAN",1296830.63394094,1339147.45531421,922001.294094743,926562.061189374,1218146.88807998,1129294.51947148,712648.362807208,1350547.89067124,1541357.07903371,948711.599390498,990000.479255882,1561938.75751002,1541980.93145536,"0.469395524731188"
"381","sp|P23381|SYWC_HUMAN",7524287.85331698,6307172.10572961,12779108.3161988,14860657.4853742,15229040.8954809,18560388.8193099,3933560.74724001,7710695.59023851,8680538.90054278,6168962.12938533,5990748.94732574,5338407.94460822,6571986.88918017,"0.846267282895887"
"382","sp|P14314|GLU2B_HUMAN",2773661.50269099,3075638.27274219,3102092.30008931,2783399.40436353,2693232.93492424,2456113.85242162,3566122.5065827,5099635.7976324,4845791.28871268,4467711.29917472,4624420.7475334,4541343.03872607,4452486.76455249,"0.512799587970654"
"383","sp|P51991|ROA3_HUMAN",3103129.44304494,2956016.6883348,2548646.61577941,2621716.62485244,2605009.38951457,2806625.49113692,1625886.35171789,3081451.63736894,3009205.59126815,2590339.09690781,2311446.47692381,3463050.92765802,3141103.34639233,"0.713038962034172"
"384","sp|P27105|STOM_HUMAN",9583175.83431048,9413342.80659653,7835944.11924309,7953481.8457627,7669590.81689787,6717769.49305649,18022146.9392157,3150597.27729346,3134936.47519853,2186556.77893523,2347107.49583877,2233355.94840166,2401710.8729651,"0.509931457019158"
"385","sp|Q9Y6C2|EMIL1_HUMAN",841018.76244846,756809.86087334,1741820.74022886,1745077.41079879,1315307.38938728,1177731.86176461,2681210.01891742,1646876.51477524,1641819.6028807,4090172.81013417,4537584.34479683,1242052.23879862,1250812.92680974,"0.953986459614487"
"386","sp|P35222|CTNB1_HUMAN",964540.420825509,809674.47411315,1208587.88595056,1349005.40376005,1325967.82592851,1427761.04260479,732842.493282488,698708.546000127,643334.717047559,589909.826650077,518941.454250328,637157.668207821,591945.742494105,"0.631448510960884"
"387","sp|P17858|PFKAL_HUMAN",2317122.25362246,2356221.77230115,2623165.75545651,2029489.65632858,2707291.56048852,2019580.34429235,2766859.70326406,2324976.5342959,2429022.85275573,2120339.9091503,1824669.66053693,1505420.4475593,1310924.37384665,"0.526959338623842"
"388","sp|Q99439|CNN2_HUMAN",1279529.13804987,1287156.63480796,1136087.57390225,965058.378715532,1143929.2757531,1549057.06059798,634078.581916565,1671119.16821702,1823365.26811428,2364604.2914664,2889209.19381024,931371.578775507,933902.205110668,"0.78091196473251"
"389","sp|Q13561|DCTN2_HUMAN",1765526.27613287,2061067.63390689,2422327.70619411,2152367.54294986,2862070.85260542,2345392.50891684,1366140.53588807,2551097.11743518,2846307.17696316,2429584.64781859,2445278.57591465,1603618.62295138,1784965.79733298,"0.802851595359356"
"390","sp|Q16543|CDC37_HUMAN",973888.378689788,1193740.56226802,1110349.96713166,1386455.10951961,2685658.72100758,2281056.73135558,1396689.42207547,3746579.01924424,3547014.35188876,1916749.66206461,1985580.32776746,2627932.17949367,2280027.40353762,"0.24988599236027"
"391","sp|P40227|TCPZ_HUMAN",1390899.53068343,1265466.34609847,1158560.05790677,1186146.74789999,1554942.26098143,1728632.56985569,1196522.94741039,1760418.02584245,2102232.18180656,1818367.0506194,1630147.43049896,1329407.93209896,1184864.20689782,"0.639282518300956"
"392","sp|O60664|PLIN3_HUMAN",2010132.7766972,2054551.42002984,1766237.25448978,1846250.25803771,1836126.56014983,1674142.22910613,1669589.2405014,3544668.48940403,3673198.8080309,3094935.66700697,2940241.74341339,2546380.76489393,2514169.51975732,"0.478741489908057"
"393","sp|P29350|PTN6_HUMAN",1599931.74915715,2540835.71908079,1930653.26021835,2664184.33779364,3629190.7571021,2962633.72082414,1125981.33438941,1458742.23039922,1887175.22835655,1511837.34975164,1919084.60824889,1544620.59315151,1601611.85151044,"0.755555604475526"
"394","sp|P60900|PSA6_HUMAN",2701178.10070305,2764211.82281193,2508723.70112105,2424714.03275721,1958328.11793155,1563480.45070102,2766626.55062259,2783561.32884213,2477453.96518998,1980141.43097927,2158578.43741328,2007735.50326648,2075730.24699986,"0.469125669867112"
"395","sp|P48643|TCPE_HUMAN",1152244.98674863,997361.509002776,823987.664550735,707171.660014628,1026491.10377577,1047481.4362332,674679.507883451,1632328.34685179,1351314.67249667,1328665.55636441,1278700.6379286,1106444.64394902,1153792.4516048,"0.752054329425897"
"396","sp|P57737|CORO7_HUMAN",799222.799969689,793087.854712852,564658.051312777,669509.737755182,667714.070917654,638501.458421682,632270.727092051,918356.647213223,943510.396237806,647851.35941953,613275.26804688,1182975.83627275,1217310.65822372,"0.239423945405866"
"397","sp|Q96C19|EFHD2_HUMAN",609494.663904099,612295.173927411,566431.535220442,481908.446385302,748319.324221021,693256.223825989,528521.288802446,1630050.35105924,1655372.51255847,914103.10860821,843960.239138189,1230124.62089554,1037452.95531303,"0.0926410700205276"
"398","sp|Q13418|ILK_HUMAN",1184385.59974932,1331242.51814059,2261162.21563733,1973609.12785803,2452657.86167848,2175996.79352815,1406651.54216006,610287.094289859,597957.964163082,1532941.95051052,1536941.96028966,521735.906422255,550689.780357429,"0.232167429922319"
"399","sp|O14980|XPO1_HUMAN",875608.677730697,902620.010690336,1095100.72003017,968358.788031683,682531.908546587,503086.221807349,994174.608898196,1318721.98985057,1463687.48185826,696835.786628849,773388.142688736,987313.207957446,999445.941511755,"0.31682842484039"
"400","sp|Q6P2Q9|PRP8_HUMAN",440050.548012898,421747.472752683,378170.494155076,432881.890686748,388834.665001639,310476.395105058,471272.032667259,600674.876132461,621282.151802743,381433.876447679,387619.669761952,564864.406729048,585196.003953121,"0.162556285535661"
"401","sp|P07099|HYEP_HUMAN",5466014.30625135,5546166.79223902,4802663.61678971,5547321.35746717,4330651.94574212,4131988.63392013,6837915.97583231,2216770.03280129,2401079.47879023,2156188.27486855,2395083.77233701,4289828.01907068,4191905.18109422,"0.680151171231605"
"402","sp|P16452|EPB42_HUMAN",4887903.13130204,4694503.96506211,2975060.80723423,2669037.90634145,1009222.87715911,1063166.35043148,12415829.9903222,201971.302838186,218733.859011011,322124.129368958,233072.780387034,294022.7343737,290319.510940607,"0.505313402836576"
"403","sp|P31150|GDIA_HUMAN",1201164.60891454,2009729.64288676,1514974.43373638,2247641.28091816,1801997.8064951,2014914.5532244,1591749.13946477,2088084.76094028,2199511.51318297,2457735.22566735,2195402.26625805,990636.978829373,1068247.0698599,"0.900044523833077"
"404","sp|Q13263|TIF1B_HUMAN",1072877.73085223,1180959.83017988,1289052.5418345,1007518.59782767,1628014.22382667,1683286.23248919,1208560.48367349,2934879.83086347,2539522.82014188,3024540.55510245,3046040.05290025,2111767.91200122,2442084.47358202,"0.664449399375376"
"405","sp|P06748|NPM_HUMAN",4688817.30904756,5072289.68561149,3164556.32455305,2658738.70005367,3259885.29908051,3500985.7726212,5955105.03312416,12821758.4250031,12483441.6569711,2002346.58460304,2487924.41663175,12226110.3255032,13004843.9126757,"0.139943056681951"
"406","sp|Q92817|EVPL_HUMAN;sp|A8MZ36|EVPLL_HUMAN",983712.14074435,1078887.32929322,1583521.60457468,1605421.85769386,1016223.20231917,1047744.54594823,489801.09770891,305343.164622452,251472.569510011,132433.171997299,156173.74127364,505552.225882373,464677.333511514,"0.633407287770967"
"407","sp|P49748|ACADV_HUMAN",3955901.45361131,3928967.75919678,4175997.02447684,4061950.04701693,2388949.25577341,2823914.90086504,4278296.66439621,1908343.35798843,2634681.09077308,2169228.81795301,2279241.74777534,1954680.77916396,1720062.28673005,"0.450735073978409"
"408","sp|Q96QK1|VPS35_HUMAN",2292491.12135593,2120654.27172629,2547157.17724355,1979207.60856514,2361709.83984407,2510754.31038158,2253731.46290978,2407940.93121095,2740593.20899218,2823163.16992731,3227029.80397629,1731063.79784195,1764037.88231495,"0.642787816189243"
"409","sp|P23528|COF1_HUMAN",5265638.3434735,6222866.67888372,4035101.78555823,4147956.14928399,4115251.87090683,4326452.41799112,3965092.33252451,4466722.49860172,5068103.79041106,3724042.08512386,4408816.33294135,4502325.51830567,4888418.8194468,"0.592629189875781"
"410","sp|O14974|MYPT1_HUMAN;sp|Q86XX4|FRAS1_HUMAN;sp|Q86UV5|UBP48_HUMAN;sp|Q12866|MERTK_HUMAN",2587703.22127039,1086909.96163523,1764018.51490208,3477677.02093906,3144388.59583474,3609788.52873373,1011022.75577598,1822223.66522737,1847726.24815953,2706188.03493022,2802547.09273518,1358485.05113802,1148397.03864264,"0.102124376345317"
"411","sp|Q8WX93|PALLD_HUMAN",986031.330445525,1079531.60461285,1302211.61905146,1454729.92444829,1220716.75645763,1130294.50411951,994018.215766134,1183114.65006299,1188784.55030913,1967211.80452866,1831063.82392028,701573.852632455,644565.713581852,"0.805605344781518"
"412","sp|O00151|PDLI1_HUMAN",4370958.21577893,4207712.92898824,6990158.14265908,8659512.0541725,7257245.56592417,6349581.97214443,5520978.68756638,4313944.62239262,4307630.97949409,6696815.43370564,7155437.54530562,4378555.95016927,4231598.77176124,"0.822532530575458"
"413","sp|P10253|LYAG_HUMAN",6279449.70245464,6585543.08089917,2041660.16053701,2126120.74876375,1349914.12817425,1345372.40956547,1412474.90977469,2810184.27351717,3306870.00196318,1817803.03500468,2224846.67235396,943567.770734221,1051102.397986,"0.442924946028537"
"414","sp|Q63HN8|RN213_HUMAN",235897.587606771,259692.483538686,267604.68514264,241762.320433784,427164.582258895,417155.299182415,302715.963610009,490289.402354102,488898.414152145,665801.990399115,705096.899112251,573925.893259203,668183.266142198,"0.63741697875172"
"415","sp|Q9BSJ8|ESYT1_HUMAN",1803842.799221,1795739.52703222,1530233.83828682,1976973.77470318,2068659.35440273,1977134.97802175,1583487.04643319,3312457.88005012,3632396.15648932,1598804.87571402,1754037.53883277,2518620.1708806,2616157.46586222,"0.150300714930831"
"416","sp|P10316|1A69_HUMAN",19100284.983825,21827386.9335383,23346381.1636166,24493096.0672891,22188006.6026874,20622654.2436776,9676501.77920658,17095677.9000041,16286344.4133993,17382612.4346067,17274867.7216958,15920813.9952981,15072280.6372549,"0.258562915257566"
"417","sp|P50552|VASP_HUMAN",1512639.74184908,1343547.07344556,1031356.25117503,878097.327523644,970316.245502614,863249.892878076,610059.122206016,1457313.63747267,1275929.61293532,982302.332161093,1002246.34273094,962945.945337916,908573.725681594,"0.527288817435533"
"418","sp|P49792|RBP2_HUMAN",131829.244780902,117262.599895269,79474.4851025768,138318.310508887,218912.687408389,157804.685792921,144918.900353545,811606.304439482,774689.636979649,504518.70092485,563620.285495328,674570.976508898,634776.036155191,"0.408134932869543"
"419","sp|O60218|AK1BA_HUMAN;sp|C9JRZ8|AK1BF_HUMAN",279094.393636682,370727.318176974,296801.164375664,313088.026554152,617364.290631501,569646.89406231,368622.861473909,202308.816231705,232776.158374814,400848.731612732,444927.520697317,13502462.5023414,9136736.49249523,"0.189172747956147"
"420","sp|Q02218|ODO1_HUMAN;sp|Q9ULD0|OGDHL_HUMAN",2066785.34311979,1972600.80760768,1712827.26989653,2024572.0957875,2056612.17047447,1771055.53992379,1313345.6664015,1345621.81382355,1248443.71577065,1433664.85750324,1426113.76615174,1157312.5045223,1161359.19732302,"0.380058506899557"
"421","sp|Q9Y230|RUVB2_HUMAN",1672736.62594848,1729654.49787171,1485407.524566,1612289.66437819,1196419.51054564,1156094.5807884,2420093.43787499,1272375.40898393,1187322.99309352,1250737.63228413,1336811.1813768,1468095.35265952,1462282.75895313,"0.500346872305889"
"422","sp|Q13162|PRDX4_HUMAN",894193.812067996,958711.229339813,1109084.50225126,896426.3640334,919222.798775216,833983.61557586,710409.167052919,2718118.10234614,2831344.95533991,4242927.9548071,3960528.95306909,3953112.98231462,3982528.12311283,"0.534570619871378"
"423","sp|P01834|IGKC_HUMAN",351916209.633488,363337869.452688,831899531.336464,804341179.493693,286426994.325601,292645284.02933,508027310.584602,123286138.701953,125661134.560238,480832463.365239,512107753.78022,264675135.618035,256762302.891289,"0.411510277287642"
"424","sp|P60660|MYL6_HUMAN;sp|P14649|MYL6B_HUMAN",45788354.4132792,45688381.3453567,47874857.5760238,42484938.2401744,49620451.1296463,43111167.6808309,38272909.4969565,21944932.6889476,23313447.3328863,24992910.415927,22799317.8052838,23578927.0563275,22608420.9558824,"0.518666563088833"
"425","sp|P69891|HBG1_HUMAN",11277017572.6419,8568266175.15294,5038680997.97041,5866247700.06678,2844099028.16265,2730046609.40113,22394208354.4692,642731736.432848,629132390.79172,389162964.95388,400741855.269795,873293594.678797,820305539.107236,"0.513216492499413"
"426","sp|Q06323|PSME1_HUMAN",3120728.16174124,3338259.83651089,4104473.7500578,4170528.75983168,5483175.12761422,5200550.03568299,4705617.02502781,3559929.8166816,3418075.49957635,5729412.32154189,5432427.35166605,4596275.73905455,4003763.94414992,"0.810610574158378"
"427","sp|Q8NBS9|TXND5_HUMAN",2277295.5364126,2415774.73900366,2092790.47296535,2190326.54257627,2062870.95026586,2086830.18538886,3421040.9967109,3415519.56796403,3391983.16951303,6541976.33605709,7393156.08892806,8598583.08606816,8603204.43453931,"0.562170837444425"
"428","sp|P30483|1B45_HUMAN",67374292.9223965,64939865.4730737,64719714.8712915,80434117.9493693,79473405.4678075,75419992.6625925,38272909.4969565,67889567.0452088,64566675.0602278,63476803.6169218,65591883.532124,35939390.2425505,37480627.0714038,"0.128305805488336"
"429","sp|P21291|CSRP1_HUMAN",15306392.7610105,15862138.3305838,15662762.0464769,15421579.0053302,21986297.4517539,18560388.8193099,14572012.8632515,3918474.32465995,3739439.79783504,7576808.19569323,6931192.97584183,3691392.63154359,3780483.7750117,"0.381711582169402"
"430","sp|Q9NVA2|SEP11_HUMAN",639834.002550978,607398.235595937,602551.576173538,605222.667534349,822730.440271433,829179.947530227,587716.908282543,389826.437478754,387065.613007007,636933.479437292,613336.29489316,460257.472446949,430678.964743115,"0.0735303572001259"
"431","sp|P00739|HPTR_HUMAN",321601.561375547,352262.883526977,315098.897409696,288284.266104023,194707.468472585,264733.468286749,337702.36720553,119443.71331524,177766.359819448,119250.766818341,100961.060919483,176898.501101063,130140.395310999,"0.638425030932664"
"432","sp|P23396|RS3_HUMAN",1744643.64674755,1909946.15295306,1949208.05227623,1721210.27813524,1973372.79968871,2031026.45064051,1345012.88518187,4057167.68005885,3895093.07805818,3548783.06706487,3680263.37834222,3820713.77610016,3900679.25020615,"0.471469228588193"
"433","sp|O94979|SC31A_HUMAN",2025509.37477968,2011652.86886259,1765263.55524525,1416327.29361936,2022200.07597542,1914372.93288239,2043471.82991934,2321870.70249255,2184207.74459598,3927682.12171929,4216338.06612911,2572734.28475576,2505619.5191396,"0.977451688797638"
"434","sp|P02649|APOE_HUMAN",3612275.37730004,3126984.25855118,4223492.86537563,4558955.4614744,2505385.80162849,2785743.08965289,6399989.45613685,1116055.46940784,979968.920036253,2905383.61945307,2673089.18316878,1399719.92042351,1529809.11248606,"0.150705595177442"
"435","sp|P47756|CAPZB_HUMAN",7301436.9855197,7035284.97334808,5879863.14502515,5406053.1728695,5670594.16551058,5339797.95242344,7267226.51864516,5958117.28146357,5886277.69762977,4573766.44959625,4803846.77495258,4901809.177073,4879537.10861035,"0.554828559766198"
"436","sp|P01042|KNG1_HUMAN",10109776.8177964,9350931.26836019,11113746.6713689,8856235.85738154,6431811.59127717,4907094.18215674,17786094.2340978,1912049.28178428,2169757.85168551,3596720.63759632,3182534.75531373,3025206.59087341,3018774.35519409,"0.483015726891838"
"437","sp|Q86UX7|URP2_HUMAN",4902768.41344726,5299096.76715205,3937669.09332571,3751988.54497439,2516835.50489787,2319652.57085382,5446912.59316027,2028435.78652736,1979488.78387701,3109800.61212478,3027624.7168264,2712799.71155463,2800206.05841975,"0.405270991988908"
"438","sp|O43795|MYO1B_HUMAN;sp|Q9UBC5|MYO1A_HUMAN",2345636.10359466,2267974.79523921,3372591.6065439,3417839.13688924,4035450.44803487,3553565.92136285,783875.29874698,665014.419800036,757037.000462172,1661932.4194068,1815375.53091016,824799.325942919,789567.432755062,"0.0897349226982481"
"439","sp|Q15942|ZYX_HUMAN",4825893.05268297,4161754.72589119,6920194.68429415,7018521.77292174,5594914.07207885,6262709.14425621,4823857.47009148,3027150.68003817,2922062.92695085,5020002.69897353,5399277.72846736,1783293.9950794,1903947.64582136,"0.0930141972257938"
"440","sp|P14550|AK1A1_HUMAN",5483116.93167588,5353788.83443695,4286442.89943519,4294686.513533,3492503.36486843,3681792.61440833,4166472.44023847,4020626.94825771,3513712.0191246,3514663.41512534,3242490.44229053,2899372.1180171,3451219.88946448,"0.523163753507921"
"441","sp|P43034|LIS1_HUMAN",1190492.60529703,1028837.20399334,970150.78490468,1278236.25365685,1029782.91744389,1210248.20465978,1109333.08782919,969071.528847394,919674.193624841,944229.79805096,969653.976950457,798619.375198321,831112.574402396,"0.321413929515082"
"442","sp|P54577|SYYC_HUMAN",2088747.90523458,2001497.04938492,1105484.09235302,1159971.63669051,1525153.54495657,1376876.84006221,1537286.77580952,2011451.24779377,1841438.24848466,1590282.01825369,1605736.33158247,1376021.77132563,1397427.28157447,"0.434486644669039"
"443","sp|P34897|GLYM_HUMAN",350536.799087753,377628.526080655,316772.865594509,364013.787807583,347992.8657049,364121.4866149,260248.476959555,1433833.1660633,1481181.31403427,1403454.03102746,1493965.16555219,864027.133445626,812519.846504566,"0.702427269454515"
"444","sp|Q9UJU6|DBNL_HUMAN",1360107.04026097,1702980.25290233,1334367.82733408,1339258.54778293,1346300.61564113,1282960.96329669,1520722.99072611,2390260.38962229,2402968.57900166,2006103.35631312,2065170.32774423,1720014.15035663,1600901.18414159,"0.609813438656657"
"445","sp|P09238|MMP10_HUMAN;sp|P08254|MMP3_HUMAN",104943.877727963,95818.2795351991,167470.791637734,236427.362912757,70811.7543320028,99672.2512387025,112582.242048506,119215.187498438,133542.790072933,6742853.80854111,5646892.64745019,68356.9264057958,93023.1879358202,"0.926039688741956"
"446","sp|P16152|CBR1_HUMAN",4748544.14090791,4007169.78906077,3338610.59117645,3399148.84837937,3786911.08361383,3687475.20151565,4494289.9271027,2914870.70096049,3044000.30460148,2375478.44561678,3079029.4986148,6163440.65356197,5774578.20912998,"0.88912153238344"
"447","sp|P35232|PHB_HUMAN",5773683.03379076,6213831.15749698,4130757.68963133,4460497.03136874,3827391.40226084,4026867.07167369,4474760.0040631,5276934.28328014,5161814.93418917,5011309.01886214,3997299.65774958,4317705.00498255,4884489.2424644,"0.852421571017726"
"448","sp|Q96AE4|FUBP1_HUMAN",644212.281729379,690735.716257929,857837.573734148,831382.697085715,928396.300002695,736571.002900292,734953.514429761,1526598.41895524,1451562.71841522,1453704.90297149,1451664.87831092,1022440.88120844,1045299.69265303,"0.661500464441115"
"449","sp|P52907|CAZA1_HUMAN;sp|Q6P3V2|Z585A_HUMAN",1026828.3697364,1013786.30124094,881543.655252067,1032875.51156892,922900.172425526,1049492.93850313,1039143.49968935,1393956.91627287,1280219.59809054,1274938.82956415,1341479.33117467,1258006.55703856,1170631.2415469,"0.697522927185172"
"450","sp|P12236|ADT3_HUMAN;sp|P12235|ADT1_HUMAN;sp|Q9H0C2|ADT4_HUMAN",17792046.2863028,17217876.6494371,8631532.92938816,8454181.90164148,13615367.6880127,11686170.738084,7273334.07309229,10356035.6509641,12235426.2598127,6790232.34820301,6991628.71385467,17667401.1846557,13538375.9706316,"0.891512361121033"
"451","sp|Q9UGI8|TES_HUMAN",829653.830712049,756661.414306117,924603.265711333,831224.354511358,1244918.98525698,1308833.38816479,515609.718433649,471857.901223677,488502.073229388,848029.167829665,1052004.35434738,411139.785276756,576796.133120891,"0.189612446350139"
"452","sp|P30740|ILEU_HUMAN",8690804.04408462,8400196.29087662,7523331.58941079,7847695.34438771,6219634.46660587,6121178.74847923,3343227.78626604,2960230.69436506,2903744.3013838,3380763.89238318,3474452.61503039,4733466.78985002,4899657.91700548,"0.551811079953814"
"453","sp|Q99536|VAT1_HUMAN",5183540.91246509,6618435.47525324,6518745.42098188,6341252.24389898,7463856.07878114,6494675.09445918,4655250.59146872,2492971.39751184,2911186.25965811,3280190.60737007,3394492.42165353,2176141.90290994,1822415.85568512,"0.306485994068947"
"454","sp|O60701|UGDH_HUMAN",1668727.00123972,1457100.84805289,1363160.84726312,1338356.1847794,1134056.24819873,1181359.08418048,2381280.52724097,2113271.75168439,2515565.92662291,2237221.52655729,1860081.53815278,2443756.9881321,2325133.58956674,"0.0274798989555185"
"455","sp|P35611|ADDA_HUMAN",2577448.80024981,3081498.08693182,2823018.52685142,2846825.78098969,2755438.48391167,2534876.11053796,6439995.0804853,924382.992027667,1061559.51911323,1464698.84234729,1569516.5320795,642261.275579194,702749.747782197,"0.272113243225192"
"456","sp|Q9NZ08|ERAP1_HUMAN",795241.831444663,1098173.83729352,989086.612806247,1096420.37566399,1174967.78470278,1135393.7087453,833971.511668312,1431312.94013116,1348069.88622893,912397.891624507,812059.16059936,2192513.59301406,2192368.41453768,"0.0835928395041882"
"457","sp|P00505|AATM_HUMAN",2344536.8233231,2352758.66213782,1972531.93964488,1836271.0192759,1705899.60138846,1972925.98758357,1248699.97663551,1506730.88318255,1264353.20161479,1811001.14092642,1971749.7547404,1792126.56845123,1593309.41043453,"0.171917899776069"
"458","sp|P09972|ALDOC_HUMAN",4979963.23301909,4904001.83657417,3991785.83345916,3753586.82835099,3232527.85707569,2492431.06440951,6575022.3220919,10438226.4100987,9341913.29296509,5589787.66935152,5583445.31773395,5918961.23575098,5912466.16824182,"0.190452583199508"
"459","sp|Q15124|PGM5_HUMAN",2299530.07350318,2243665.7360917,3934892.18461535,3892075.58630029,3325768.22474389,2985562.86574812,2410702.52114474,214753.289647989,247845.25702515,858683.139195717,875316.301475607,654012.657729457,544920.535020633,"0.404778695852418"
"460","sp|Q16822|PCKGM_HUMAN;sp|P35558|PCKGC_HUMAN",3046304.73988277,2990082.19085454,1665617.34237557,1415332.65968003,1116979.71083093,988683.898001893,1072120.04723344,1826196.0054375,2057181.3960546,1540729.17235339,1470891.02827767,1431231.87739506,1162015.96995104,"0.523146232270357"
"461","sp|Q96HE7|ERO1A_HUMAN;sp|Q86YB8|ERO1B_HUMAN",697721.849553758,792266.566335036,608691.48144252,555697.740680254,669169.705610493,529411.302053519,726342.085188933,2379093.71473306,2239188.33851161,854226.639329587,965654.931885671,1795317.66520143,1368483.98240058,"0.0893431547507078"
"462","sp|P11171|41_HUMAN",2124421.1228767,3070005.10275027,1529520.1896537,1374260.1942932,994638.967784639,1151573.38202357,4333896.57888475,226750.001452173,237856.897221174,553382.079858726,557553.662460639,232945.768377036,210522.159030369,"0.426890022251889"
"463","sp|P55265|DSRAD_HUMAN",424057.790828182,374298.006447046,324857.12752594,364113.117139613,666005.608024614,700687.251705935,238919.577726998,1365574.41867575,1599343.29383602,765617.576243706,782748.715315108,1119583.35951625,1173716.32464744,"0.14442944711054"
"464","sp|O94832|MYO1D_HUMAN",588325.904400279,553546.17035159,963885.955070996,808746.273253639,675859.460098551,599462.40449828,703019.291986356,592319.981551152,618570.866743537,646654.446345292,652848.411030528,497677.678558249,615255.808925128,"0.761134660681695"
"465","sp|Q04637|IF4G1_HUMAN;sp|O43432|IF4G3_HUMAN",433556.725325229,389821.913826104,455185.630757472,419690.3713387,359076.217956238,374163.46812388,539889.358294219,1155769.34724406,1117694.20803677,532699.39557658,533257.204389285,703058.020470726,655092.424664686,"0.116710459212256"
"466","sp|Q8WWI1|LMO7_HUMAN",935683.319762695,1021513.51250916,1294871.45726558,1304067.14841929,1463809.80739341,1546606.84769417,685634.56324591,306971.442053084,312909.26405114,303755.888995371,363278.275901307,338812.894336474,321671.824533147,"0.462989272250908"
"467","sp|P29144|TPP2_HUMAN",522152.1010198,613724.911155183,452929.214986723,487252.621777199,430788.854563257,398061.202650887,1062453.47830169,303309.971293694,276064.775963466,390666.926223777,377296.534140194,559486.633804682,556151.183565636,"0.860932951755868"
"468","sp|P53618|COPB_HUMAN",575990.076789361,622116.955887749,452812.919274051,487193.051694916,818900.3007837,857459.462742896,464272.986427952,1659582.99326339,1693778.30692632,1022945.57390573,912835.435766412,2077952.16689281,1943956.40854716,"0.0481194597403194"
"469","sp|Q15029|U5S1_HUMAN",350433.714849695,402928.249925794,346235.785845848,355448.802184339,419088.810268368,359590.550716562,289688.802675713,679151.656941234,683013.59453827,556464.12574957,454468.817114585,550323.658131186,495072.896810051,"0.140387685937747"
"470","sp|Q14152|EIF3A_HUMAN",783898.7763374,706411.866949371,888852.175598908,963617.673637981,1100564.99127279,961096.001994908,522128.717137363,2077606.09421096,2023838.9815221,1063116.82756398,971044.744105548,1677400.53656385,1729292.94287146,"0.0406311871072533"
"471","sp|P38159|RBMX_HUMAN;sp|Q96E39|RMXL1_HUMAN;sp|O75526|RMXL2_HUMAN",4681916.27665677,3031234.62969993,3723362.25523145,3792627.03034571,2842013.8426696,3438444.00296197,4690289.53351731,4428331.34788474,3675341.46926378,3824731.82153299,4286660.01889867,2741437.03523705,2541847.137503,"0.0405094785290976"
"472","sp|P42765|THIM_HUMAN",3183940.32856991,3108942.80747798,1983056.21343629,2109318.49090927,1500101.69300839,1671430.79002304,1444665.40921479,838385.50706255,919806.109707718,858460.229243812,738246.357015888,1239142.80140092,1314539.69844617,"0.580033208335086"
"473","sp|CATD_HUMAN|",2678413.53724536,2092869.3883015,449414.306924396,336071.632009808,1014159.4353123,685767.165171845,378370.341842296,2733119.65751039,1709817.75449201,363706.19347149,325470.77890804,1957862.71304906,2004357.82092075,"0.878743126136604"
"474","sp|P22695|QCR2_HUMAN",3985621.09149215,4152316.10418584,2766674.60401496,2972750.19751963,2963494.86409927,2442833.23920663,2837504.23373338,2799916.06526761,2729018.51228476,2086560.65373219,2067509.3571103,3109902.67927939,2939361.32489875,"0.72637961891151"
"475","sp|P28331|NDUS1_HUMAN",1250738.96791788,1175623.54925519,1734552.637935,1608925.10522437,1733033.53956859,1564504.24960454,1022006.74090172,1588971.13266089,1696499.22845844,2731231.852186,2723086.87787503,3475987.00149248,2918969.96173012,"0.496655500442078"
"476","sp|P32926|DSG3_HUMAN",209881.65288871,216580.836473461,190325.741525666,143317.356072933,152872.436272226,154893.088137901,625761.390247651,8163998.60605729,8267179.90527884,443291.913558026,450550.73409343,1532972.80068439,1463632.21491817,"0.228494857079975"
"477","sp|P11586|C1TC_HUMAN",5664939.41399831,5556111.95709671,2874180.09240052,3522472.5819212,8105752.95050043,7001192.72677676,1908418.06860368,2697654.40412115,2450278.37662305,4046288.63391911,4714493.42398896,1970143.67292995,1965021.25923627,"0.0446644558510128"
"478","sp|Q08378|GOGA3_HUMAN",315274.84197907,363592.72480236,432683.0956753,403015.673679728,294210.655157928,241681.357546145,348689.25127635,363519.514299999,367479.97399791,371819.237250329,383514.96608173,445180.072574694,397586.71807791,"0.403129056490738"
"479","sp|Q8N163|CCAR2_HUMAN",1119067.85936767,1191759.64949114,1556619.68185889,1313072.84784517,1617598.60369902,1438905.67226275,1389636.95209424,2374393.36823007,2078506.90738684,2323846.2457823,2250603.06606308,1654490.81573266,1727735.31937028,"0.670012187470099"
"480","sp|P26640|SYVC_HUMAN",725180.899893403,559181.435637081,384649.652338032,397825.719974371,417580.349159155,316194.81377951,345548.253737078,665365.131796611,638745.173273974,1102543.0512108,1097824.37659521,642055.673381142,639942.51784735,"0.73094872852296"
"481","sp|P35998|PRS7_HUMAN",1801846.98166179,1594825.66046145,1440240.77184639,1254728.37499179,1123166.72250641,1175470.92259942,2559146.70251385,1808681.91739616,1703486.04210338,1146765.01742021,1274968.97537096,1389892.04225007,1465261.77721438,"0.685276384087681"
"482","sp|P58107|EPIPL_HUMAN",205756.280714604,213497.012542878,215465.068022077,237852.879246908,240338.787818149,202248.388438175,106738.197289485,1148889.00345636,1110991.99702038,189517.672010873,213291.656002992,854842.94049966,830761.830427496,"0.0813050581552814"
"483","sp|Q9Y4G6|TLN2_HUMAN;sp|Q9H427|KCNKF_HUMAN",350161.035518197,225392.490078994,392433.232089123,576532.410636641,467792.964197035,530869.105108412,357917.104453166,353977.351189577,370535.718879019,438268.88780309,440186.643618649,357860.804350183,364155.81167215,"0.98658960100959"
"484","sp|P05388|RLA0_HUMAN;sp|Q8NHW5|RLA0L_HUMAN",3335633.87352788,3868368.84173702,3125458.75027501,3241780.32514332,4641334.80232176,4785326.51325866,2780950.57656537,6246216.8138882,6789778.27397281,5880934.07732829,5879163.67816387,7993995.21282899,7402757.30413848,"0.315415694393055"
"485","sp|P02743|SAMP_HUMAN",14128977.9332404,15319843.0030424,26153857.3794945,27365743.1369095,15935022.9237482,16792732.7412804,59231883.7452899,2569887.70029376,2454968.52470097,9772314.45328633,8219450.15828375,3599293.0240453,3327063.79705942,"0.262656886958924"
"486","sp|Q9H0U4|RAB1B_HUMAN;sp|Q92928|RAB1C_HUMAN",21455114.6393651,16268859.8262398,15515000.1403781,10206405.8762605,19263223.9141513,20917263.5900159,13726902.2627579,14876527.403369,10251303.0825458,13923386.0794611,13504211.3154373,7993995.21282899,8669895.9417838,"0.326849368111143"
"487","sp|P01877|IGHA2_HUMAN",1498136.31329464,800568.01439674,5458478.47480774,4330258.19074069,1017476.22057331,1807805.79033361,2808698.19218868,607289.651632311,577848.490758914,1755577.6160346,1856715.59068309,1054176.5410672,1217529.11759325,"0.258903821996688"
"488","sp|P01889|1B07_HUMAN",52591195.6403949,49213300.9743753,54819667.1626693,69094721.6219206,65555474.0533945,61082337.8074642,30982831.4975362,54328091.787994,51752546.2070456,52580240.5982132,55332190.5197463,25862925.6885644,28010433.0426861,"0.158755858974513"
"489","sp|P26641|EF1G_HUMAN",1131297.58908186,1146073.83903236,1242040.21054785,1321195.67593384,1215785.159341,1461673.24851104,1721188.75475933,4377081.87782738,4447743.22637383,2704049.53514383,2778505.56462204,3923697.35318181,4742723.86112956,"0.230833965179603"
"490","sp|O00299|CLIC1_HUMAN",8402838.69564388,7284218.54752156,11744075.2233587,11308269.9854018,10488875.8485431,9654342.40597618,4081338.74533448,9780700.3370216,9259241.49391231,10291198.4065582,10435072.3801106,8262700.93426862,8136363.88382787,"0.914502340228061"
"491","sp|P02790|HEMO_HUMAN",37415626.7491367,36333786.9452688,81416810.2604603,87540139.6479038,44275158.629908,38593824.370311,63788182.4949276,12246423.1110607,13310159.6474989,29143982.0421017,30428320.3016672,21294928.4240907,20274218.2023252,"0.106342757273101"
"492","sp|P10412|H14_HUMAN",55469320.7749439,54500680.4179032,57036095.7541519,63198235.5316473,83608443.0619447,82588820.0901566,55131214.870616,47917212.5754924,45717504.876192,87345465.4674265,85146683.0343482,69191723.2707047,73360657.9689398,"0.924246268054205"
"493","sp|P21796|VDAC1_HUMAN",4043530.77718515,3643808.2118121,2394853.34794362,3066826.29868622,2634108.67072136,2369093.42426886,1746755.10614444,3666591.8050468,3202487.2177807,2614064.64796958,2463593.65988052,4701695.29002214,4369570.4787333,"0.83727941861492"
"494","sp|Q9NR12|PDLI7_HUMAN",1462822.22810682,1533723.88610184,1678161.25840716,2218075.23829403,2169373.04510448,2253979.78242655,1086594.83403958,765956.270695107,685700.998194884,1753885.76290712,2003417.89843673,590316.345538789,667314.142419787,"0.225112948008851"
"495","sp|P50453|SPB9_HUMAN",1595780.11644602,1473530.07545339,2277953.31419592,2328767.81415759,2567023.32554435,2688172.87364523,1755342.18811945,1046013.49815958,1119825.02818787,1893898.22204571,2074102.55941499,1072703.6191841,1227276.89768108,"0.350516579496702"
"496","sp|Q14974|IMB1_HUMAN",1170917.99888066,924147.44485919,741780.805363603,825931.624599871,1124173.34597287,1140641.64591755,1848421.66367129,1703354.94366869,1639656.75732809,1460018.22110818,1391973.89053695,1283825.74012273,1340293.03478832,"0.397684920392404"
"497","sp|P36955|PEDF_HUMAN",3006812.89645702,3065199.59880036,5523045.40534575,5410206.87689982,3428693.71881546,3738420.9518788,5509295.04586162,2478146.63138285,2196215.09176298,6735974.80138894,6206385.5913842,2284900.60882377,2266213.60231271,"0.760355146638004"
"498","sp|P02749|APOH_HUMAN",14913921.1517538,12666359.645937,19504571.6050467,17235882.417722,12001694.4805445,10998748.9299614,17903695.8632953,4430877.22226518,4993989.30711561,5769348.74129499,9645865.22531236,6261677.77314601,5962196.02711648,"0.251047977534245"
"499","sp|B5ME19|EIFCL_HUMAN",858368.172320178,938325.278435575,1071631.38559344,1056278.84024388,1100116.50408679,846344.407247765,1244877.93682012,1236975.43971466,1317968.72787836,1352506.86697693,1327784.6780345,1199230.87853613,1193085.86921942,"0.573860290511781"
"500","sp|Q99497|PARK7_HUMAN",5265260.14344019,4884102.5061121,4003700.43448792,3890556.76638932,4895177.03375682,4622838.69863775,4799298.944652,3682957.27722924,3987457.91158872,3003385.45742205,3190052.04553736,4147034.38479147,4670028.04079261,"0.75199779473886"
"501","sp|P14780|MMP9_HUMAN",1402553.84560468,1393205.75248899,2526200.11053441,2378350.78662553,857183.77047477,788137.844366462,3661644.93853051,2319485.10173624,2590769.27356995,685284.980302553,734015.538646157,648205.4352905,618514.279540626,"0.981044891860958"
"502","sp|P50991|TCPD_HUMAN",1450723.85903271,1475799.76306808,1299898.34715896,1433574.03902757,1250548.59386478,1721828.9922215,1981707.67903251,2212120.15142441,2287282.530296,1908306.55966232,2051987.76131231,1508618.859151,1274281.25538864,"0.891992688617776"
"503","sp|Q9UNH7|SNX6_HUMAN;sp|Q86XE0|SNX32_HUMAN",436747.820272562,397464.47076009,478672.986975078,503814.67432663,364678.038607132,426811.892483342,416911.47586253,626736.815945568,605606.020090906,450610.999249539,472236.460434666,563191.798389741,561690.670791122,"0.0795107924734477"
"504","sp|Q13310|PABP4_HUMAN;sp|Q9H361|PABP3_HUMAN;sp|Q4VXU2|PAP1L_HUMAN",2996897.379904,4496923.93493875,2588339.89070427,2196480.95759925,1837538.16718116,2047186.96252689,3907797.00560233,6042903.30669344,4816175.49236076,2529629.29213049,3253209.34863938,2479976.29987291,3198313.00460029,"0.780461261377586"
"505","sp|P11766|ADHX_HUMAN",5100752.13225106,3435949.57705875,4821287.1934925,4000500.46584062,3534739.75430655,1893211.73962782,5315863.15755441,3146169.60274344,3570865.43211869,1679409.8362637,3398898.2503928,2797097.9475518,2498903.17883846,"0.308111235291494"
"506","sp|P01891|1A68_HUMAN",49451422.7663415,59110190.7020045,52751000.4772855,58964860.9027331,67169147.2608627,69429602.6203813,28249052.2477536,47013114.2250114,49272392.2354619,42375522.8505336,46212463.3976329,41918092.5445823,41748883.5350512,"0.21067710267734"
"507","sp|Q16666|IF16_HUMAN;sp|Q6K0P9|IFIX_HUMAN",329181.662273658,323871.238875293,424053.50749503,468615.992197896,535656.739984041,539823.82228106,390567.910125453,589970.48842819,602302.241046141,597620.350439718,601158.341290739,620759.284474279,631097.168421094,"0.478400784810791"
"508","sp|Q15075|EEA1_HUMAN",900115.537917699,950947.917878358,1032112.84030464,1140627.86209651,1058777.02043957,1099804.07185537,992874.588880644,779661.377016205,719493.075141746,1010909.63685436,1079331.79380195,569874.211888829,672517.945346315,"0.258467556786133"
"509","sp|P21399|ACOC_HUMAN",877314.110125054,785007.618676568,1044032.1661681,990744.422214983,1236745.75264916,1025723.76707573,1137478.48541946,1278811.16733922,1268068.55658946,1750187.99262655,1798393.25560283,1274804.97063772,1297117.53388126,"0.813333814447584"
"510","sp|Q16401|PSMD5_HUMAN",1987505.86219056,1545913.41744964,1627687.17581286,1609260.86777346,1433098.05617423,1517915.843162,2204521.60705975,2891791.23908684,2787342.80431539,1236838.6380745,1599980.88407226,2391904.87731059,2245482.0797783,"0.484540117017393"
"511","sp|Q6UWY5|OLFL1_HUMAN",789867.469657055,670430.027638069,4199511.34443483,3556956.14275267,3530393.19441128,3762826.27032166,3155793.27654591,96402.9392072544,104763.363148044,655837.503555067,705678.298289636,287543.502101291,290897.185707059,"0.0426712488757727"
"512","sp|P36952|SPB5_HUMAN",376817.008881094,479222.268858374,123771.92463638,199828.634850712,178489.55259969,197102.786375652,134557.840819857,3561570.24971456,3469710.84362731,1122928.82992192,1097904.89589363,1590349.62944569,1623579.57582612,"0.139911852455228"
"513","sp|P08575|PTPRC_HUMAN",1191108.00169611,1305165.45814049,785610.508913074,940900.480646593,1062136.51963037,940569.243584479,642910.932870498,1443112.37866156,1480586.57641875,1684400.56676787,1499863.92957413,1483229.86989627,1477577.99196677,"0.443941062118029"
"514","sp|P43304|GPDM_HUMAN",648609.191273424,746549.167308998,585257.450280396,655633.103420426,514879.871842333,463634.546871746,699598.903346831,792488.204720659,736299.046947707,375778.393073856,466789.963410896,800079.661143835,792878.818813302,"0.587573329786801"
"515","sp|P62269|RS18_HUMAN",933052.393263708,751447.596410327,1354898.34694141,1286435.21142862,1031980.57999369,1222694.1768302,976731.435602429,2212791.95403235,2217401.86410877,1880104.03201697,1681847.90277826,1810578.6541601,1760082.20761192,"0.362867982440331"
"516","sp|P67775|PP2AA_HUMAN",429149.716178439,490993.325408312,502369.331278909,641047.054528592,294810.611897499,260673.225321915,400487.91861885,766351.493837008,726208.777947725,305605.509999579,394035.571681002,517381.086035768,589805.455234895,"0.271615219735748"
"517","sp|Q00688|FKBP3_HUMAN",462420.226291751,438027.158827268,588238.678835084,407170.877836584,540051.306858936,490098.330082,540996.483986981,583467.080913823,690113.338852775,724895.274918492,910831.148615046,622285.657920216,592006.496589842,"0.939877953538187"
"518","sp|Q13200|PSMD2_HUMAN",1437434.59634753,1585716.30285439,1404948.89352602,1240181.42630399,1256521.13828554,1094010.41506043,2135838.22626385,1709265.28937714,1638071.3990934,1171096.95788994,1040555.5813297,1387355.77798419,1385663.89940223,"0.747002228344763"
"519","sp|CAH2_HUMAN|;sp|CAH2_BOVIN|",15044745.021506,15048695.3392718,11410816.5666291,12221278.6409928,3214158.59803302,3166986.7746674,41006688.7467391,1058847.00410979,1113358.23834677,1340106.30584756,1159220.43502747,1358457.55112272,1476526.66637965,"0.506021490296619"
"520","sp|P61106|RAB14_HUMAN",20016052.0720906,15862138.3305838,16844857.2952676,11095557.4322858,15329895.4709476,16203514.0486039,13571844.969145,11835469.3153875,8349851.70433163,5364210.82429279,7541195.18732879,8061171.6431889,7936289.3620944,"0.494615839905513"
"521","sp|Q07157|ZO1_HUMAN",272847.122137243,302448.186253379,575596.163056696,537339.737153407,669719.191594008,695130.332572177,679901.440190277,183502.763346255,160282.732154288,141153.357479347,152079.199161675,121929.533427003,141851.809326661,"0.456144908599773"
"522","sp|P54819|KAD2_HUMAN",2231897.89010281,2516527.27950569,1987421.82565341,1955911.02443145,1728389.52322263,2003194.45527399,2003393.79983275,1538619.68212546,1537127.79564695,1496997.59126092,1642452.08639946,1403701.78318016,1394085.31812707,"0.369542848300696"
"523","sp|P48444|COPD_HUMAN",882288.337556883,1326288.68679286,650610.21321132,895349.971685825,705350.19361525,639651.581197368,587444.73435951,1801903.16549629,1657434.14385423,2547814.11558818,3346012.26532454,1364378.38294529,1397462.28661279,"0.97373349347152"
"524","sp|P30837|AL1B1_HUMAN",940636.998166007,827443.944963684,618285.612505279,753956.917655795,648841.173272073,909509.743808752,334129.530733031,810253.787526164,724667.337287503,657772.406769183,640878.474019278,1170167.3707854,1088261.47462288,"0.756494346794156"
"525","sp|P54920|SNAA_HUMAN;sp|Q9H115|SNAB_HUMAN",4273842.84425169,4325507.09744679,3078682.99156274,3041865.76246392,3548054.5098042,3480005.7916115,3955185.90020668,2841920.99161083,2564570.53332719,2163603.03575611,2357897.0546428,2856985.14809566,2715580.03577509,"0.562292691628741"
"526","sp|Q99758|ABCA3_HUMAN",728836.47177708,717282.638418835,861336.300242376,936204.726710848,464704.427363369,451429.70302381,627771.532206828,233130.506494301,211407.153409085,197937.493300908,240644.79107794,249076.986005746,215902.988560641,"0.477611657876824"
"527","sp|Q92945|FUBP2_HUMAN",1532273.86017462,1618489.04787887,1594198.04505461,1482367.92240884,1275310.81265168,1424095.23225674,1511454.424514,2767014.37699779,2248623.36670529,2025189.2788329,2193144.59888825,1838941.06770597,1636942.86058055,"0.77018533152221"
"528","sp|Q96TA1|NIBL1_HUMAN",1633924.20451614,1788043.90894076,1323449.52824534,1512364.89006392,1036537.22299528,1043972.79211517,1452128.91976452,932362.316674828,975257.321106638,652387.708780578,603475.402198761,717275.860902314,802576.853038964,"0.604097493067876"
"529","sp|P48047|ATPO_HUMAN",1064557.04884819,1606183.31077681,1381474.35772244,1006690.14062484,1207383.75939292,1254736.77414801,5759051.3388871,918875.118850458,813474.124155969,1492608.51188941,1355799.11617905,2446762.11230897,2420908.90031875,"0.215987305119913"
"530","sp|P54136|SYRC_HUMAN",307727.910426544,461349.384322486,587918.804747333,656444.049873876,585296.365585575,413369.461156745,406100.219338944,1151254.6639126,908727.233808242,559874.693243114,603248.898605368,1111596.37416393,1084849.20365472,"0.147021651463226"
"531","sp|O60313|OPA1_HUMAN",218447.571170265,184373.008897256,199021.745579728,210978.919227466,197622.523535608,221905.492170632,110887.347050937,500339.784051129,493745.095411868,278197.079675415,261321.402338247,169674.506182182,163240.358650434,"0.623217085695514"
"532","sp|P55145|MANF_HUMAN",195453.141931523,235866.097601228,178430.256011418,264773.687150721,237418.402792522,197718.060515325,160105.91345067,220237.124411683,246505.441556781,621512.472071518,600250.790243147,909841.135832453,875740.850424427,"0.406964057362697"
"533","sp|P29508|SPB3_HUMAN",109935.893032797,112846.452981944,162407.042241347,149403.710738902,140530.439291687,131231.403555663,56783.4863996083,288354.317695836,271680.880687507,209054.724519883,250073.297691611,1091906.31484465,1103550.30658565,"0.129590199663858"
"534","sp|K1C10_HUMAN|;sp|K1C15_SHEEP|;sp|Q7Z3Y7|K1C28_HUMAN;sp|Q7Z3Y8|K1C27_HUMAN;sp|Q7Z3Z0|K1C25_HUMAN;sp|Q7Z3Y9|K1C26_HUMAN;sp|Q2M2I5|K1C24_HUMAN;sp|K1H7_HUMAN|;sp|K1H6_HUMAN|;sp|Q92764|KRT35_HUMAN;sp|K1H5_HUMAN|;sp|Q14532|K1H2_HUMAN;sp|K1HB_HUMAN|",2097800.95496036,1952199.15440666,2184420.15766583,1722605.01330008,1109959.20668741,985001.671039033,4708783.00566439,6014469.65603355,4420663.99509558,915692.232225821,689180.516026979,6583437.64903203,7602831.82587195,"0.155457818397783"
"535","sp|P13804|ETFA_HUMAN",4493987.93428043,4323206.90029696,2748909.46783708,2895746.80183378,2477138.10115784,2470395.05423381,2962552.29032187,2245092.52785661,2016373.29230787,2145327.30210019,2187966.67563599,3728141.12427103,3641054.28239172,"0.69639028039663"
"536","sp|Q9NYU2|UGGG1_HUMAN",816925.698684779,1028923.00934941,762391.330507227,872190.595759617,835677.836810417,839190.65173975,646933.838255337,1447253.38663805,1456392.14284629,1564100.93968775,1679359.06347937,1763851.093298,1741889.04387304,"0.528063989129249"
"537","sp|P41218|MNDA_HUMAN",2437374.68471998,2083837.05696702,2609928.03817102,2378909.29574032,1399600.46961514,1290341.98114189,4090433.79880542,4311563.04651778,4390484.1836221,925392.984798692,973179.655563795,2201604.57261702,2633269.43555555,"0.633311413196764"
"538","sp|Q9Y262|EIF3L_HUMAN",1125968.54952322,994853.578306751,919902.97972171,850088.579986996,1283071.07703788,1246180.456507,791137.765575978,1873470.51750905,1689986.16473126,1248592.57553417,1673380.29840505,1798050.68923183,2068395.96986919,"0.460631893992275"
"539","sp|P29692|EF1D_HUMAN",2133205.46168224,2323341.27319508,1798799.03743582,1888456.4618208,2690522.24531996,2564891.66788892,1540211.24390768,3521408.44539158,3964705.34942307,3672963.86136441,3416481.3701526,3491663.86092211,3778577.83644032,"0.393534979705393"
"540","sp|O94973|AP2A2_HUMAN",1032189.86538889,995396.077401762,885226.925594393,867480.568850119,1292251.59673527,1161498.9820384,584578.384357863,767498.341279541,688415.940819824,860013.583769065,697900.241394754,905257.744417198,825080.44961759,"0.749146572389275"
"541","sp|P23246|SFPQ_HUMAN",2473964.6139987,2468366.96150324,2299686.6052278,2082381.20005895,3561846.366948,3394052.86373066,2343248.45458333,2860005.68324411,2762150.39729394,3411598.16744168,3432912.50965856,3959359.88181251,4348915.48403654,"0.388854064023287"
"542","sp|P04264|K2C1_HUMAN",272555.362667638,382389.931523541,322424.757616218,245964.840262907,397050.537512002,376953.58273111,862690.91109162,172553.055376414,154390.852420449,436818.616580087,372563.829213924,382588.564715242,425823.027719493,"0.68437101250441"
"543","sp|Q14254|FLOT2_HUMAN",1692963.9376384,1762727.88193562,2071699.53840214,2054344.86619011,1607900.01018419,1690013.07715506,3352361.79609129,887841.246814468,1226449.57559562,791151.791934448,914960.207666513,794133.028869657,794572.603697158,"0.486807277202826"
"544","sp|P04217|A1BG_HUMAN",5981833.68122752,10910203.9291988,8157741.18487325,7850618.24010225,5705807.9439531,5375391.81106529,9059027.12655481,1503395.31341309,1407205.06708073,2759235.61268498,3309378.14258806,2146644.31853209,2146575.34333119,"0.324025629974091"
"545","sp|Q29865|1C18_HUMAN",54946025.295935,51789203.7801966,51864429.0406925,65768498.6992023,54864889.0539179,52538666.7636549,34627870.4972464,48328166.3711656,44642771.4885058,45661787.887922,48843153.9136271,32177510.1423957,32945604.5787784,"0.0801749517244607"
"546","sp|P46459|NSF_HUMAN",1460416.49357532,1440918.68904788,1380713.23762174,1331317.27250098,1382108.15522579,1289483.83910975,1561192.81238588,1770461.83441571,1890119.87961814,1727985.03734113,1840463.96248277,1365035.65393404,1418788.30724651,"0.993777886915085"
"547","sp|P33241|LSP1_HUMAN",1546688.7131198,1133906.75966014,430097.275026094,481553.323858069,1146208.69707304,1220423.62849015,760577.539216623,2289550.82781231,1966290.03605278,1410649.76580951,1408031.73242799,1363969.85687346,1525106.75633335,"0.679933904330048"
"548","sp|Q9UM54|MYO6_HUMAN",1308184.78853778,1394823.82346107,1077358.63692607,1048550.29173465,1254427.24601699,1430338.84296026,1389275.05872564,1080743.09987156,1211207.83813961,776776.299153197,695966.116776313,765608.222349267,818828.815072009,"0.71322235149379"
"549","sp|Q9UHG3|PCYOX_HUMAN",877134.924464547,797435.00753372,1070597.85075609,782890.257192574,855816.409656799,707788.375843445,668983.986366695,274018.138068725,326161.389666468,179493.970043596,221082.407821097,403448.352706268,270356.506922859,"0.561842504822722"
"550","sp|Q9BX66|SRBS1_HUMAN",709830.426160303,651112.153004878,1067416.57829111,1108526.52957336,1177973.56773506,1154573.06492705,677681.347629756,151552.212924382,155708.047975208,584424.595154968,596006.822103803,212576.198975857,194974.458913676,"0.0453691218228968"
"551","sp|P06702|S10A9_HUMAN",24987359.1226752,19115910.2958317,14330650.6728884,14493961.2913979,3872024.36670231,3534911.5472519,16027680.5477142,76930550.5500187,85978671.0149,1683554.95283171,2026155.77383433,38089036.0140675,38881148.7235381,"0.357775643094728"
"552","sp|Q12931|TRAP1_HUMAN",5098766.99646081,4637649.38127662,2561402.47410102,3164140.24805631,8105463.43735609,5599446.40731841,1194101.71977535,4759548.02515573,4605257.93738399,10896563.0187087,11487348.5865084,4793788.99271221,3701173.64037522,"0.778624291649458"
"553","Int_P07339ups|CATD_HUMAN_UPS",842828.152461029,1155652.15343819,68539.6726160493,128534.601569306,89406.9002618736,198136.824623412,253228.587248173,445903.468896096,361660.014512985,186507.83712427,171111.853861214,95441.5829813199,94615.9353862749,"0.508411033981386"
"554","sp|P69892|HBG2_HUMAN;sp|P68871|HBB_HUMAN;sp|P02100|HBE_HUMAN",11263935185.6667,8554708791.96441,5038680997.97041,5866247700.06678,2844099028.16265,2730046609.40113,22394208354.4692,642731736.432848,628305672.801192,389162964.95388,400741855.269795,873293594.678797,820305539.107236,"0.513222606284362"
"555","sp|P09104|ENOG_HUMAN;Int_MassPrep_sp|P00924|ENO1_YEAST",4428889.72812637,5700900.82096811,4202686.21733166,4687690.21282326,3219878.81439142,2900962.47660991,6680481.558645,5051627.25879489,5750961.24925353,3363582.29732168,3123129.29479629,4147639.21718692,4553541.64311783,"0.656152355428158"
"556","sp|Q14019|COTL1_HUMAN",3233767.00129129,3140537.82126913,1778582.51941481,1759559.90484594,1345206.1690189,1652897.19101362,2486863.41718584,1197785.05865869,1045450.58094014,1397725.28322849,1391931.58903345,1248421.03261646,1271895.20665736,"0.46021127399461"
"557","sp|P78417|GSTO1_HUMAN",6329206.69053356,6875062.72067796,4606460.46990782,5020306.20039073,3257158.49694925,3328484.36308387,10786898.3386024,3730507.1299877,3702034.72410005,2927348.14496755,2808421.52199295,3069985.16599206,3081705.74790917,"0.560666014908861"
"558","sp|O76094|SRP72_HUMAN",17399574.6770461,25352306.562557,3081111.61363948,3411959.61907163,2549011.25004051,2235283.3115861,7148794.35592086,1073777.00728677,1136258.78881975,1070995.57621217,1236429.00241463,1247170.42580655,1483539.87925689,"0.499930970871399"
"559","sp|P26583|HMGB2_HUMAN;sp|B2RPK0|HGB1A_HUMAN",900031.131272702,618585.837823137,1045580.27356878,870657.203666021,1198895.92909075,1046001.66651623,804300.508747797,1265939.80350345,1286474.66545426,871644.172567768,890379.957980537,1491184.17593052,1494772.54308586,"0.0872760336942645"
"560","sp|P00491|PNPH_HUMAN",2871011.07380163,4729536.20119339,3823626.06262958,3069306.72208455,1819060.88784544,1690560.38865026,6349654.87566231,2212549.11979067,2009250.17932127,1456889.54285702,1259915.75735831,1842794.88278166,1707864.3506996,"0.700118003647398"
"561","sp|Q99623|PHB2_HUMAN",1885942.5929085,1773889.4192802,1974731.15101907,1786307.22603362,1784434.21111745,1914126.4204759,1675546.888619,2886297.32354435,3212890.89573624,2430464.50377163,2406936.33179578,1930890.47811068,2043791.96161715,"0.51289972083991"
"562","sp|P27824|CALX_HUMAN",2435160.58230113,2155874.14339663,2045284.90933314,1772121.87406359,2015364.14377337,2037433.86806871,2796064.93581111,2701208.25693063,2538710.26217709,2057426.06435445,2102802.03638507,2319566.17876914,2242206.09690668,"0.938341671473609"
"563","sp|O00231|PSD11_HUMAN",1952718.64004867,1812901.16494471,2015378.7491697,1861842.48286241,1517962.07717945,1765246.73235219,2267980.08074136,2676695.73424077,3128861.6348369,2115303.75640967,2033178.15838945,2556899.36993373,2193836.59472391,"0.110408832695428"
"564","sp|P62241|RS8_HUMAN",2799607.14404312,3267322.97104343,3953080.27151801,3286501.96989252,4218672.68297798,3330833.4405272,2599565.04551564,4434475.13671873,4089072.62899223,6501945.03750833,5118865.70933775,6986348.75743038,6668692.87124588,"0.313775576244021"
"565","sp|P37840|SYUA_HUMAN;sp|Q16143|SYUB_HUMAN",9500574.76410948,10264397.9322064,5008130.41119399,5072339.81749032,2405364.97278329,1958745.86525609,21275302.0779121,786850.914056307,687951.145994015,739154.370700058,849914.066055623,767173.690462381,728423.875288102,"0.493052534698343"
"566","sp|P02452|CO1A1_HUMAN",727135.372530936,748461.850656945,1520878.0390517,1946261.54287444,1098373.35579243,1312153.32812227,1358010.65502764,908780.633098935,944695.97680038,1745919.47248236,1766346.05483315,656333.15855607,689964.03548945,"0.898854198075572"
"567","sp|P25398|RS12_HUMAN",1781538.20856465,1908771.24707839,1601808.28856442,1226848.51874459,1298512.78291683,1452033.82808711,1080434.53519467,2801456.97186651,3147370.74945645,2666923.26894392,2946952.66911867,2407024.52302919,2325755.13574063,"0.667771448057269"
"568","sp|P17844|DDX5_HUMAN",1225023.57670734,1424820.03810035,1645377.00218006,1354949.89994722,950820.640644892,810159.164730942,2629258.14602946,1139035.63826919,1160831.24828728,924749.80305922,851259.235013552,794012.350443101,1008980.00266239,"0.714940257910932"
"569","sp|P01833|PIGR_HUMAN",529308.967991449,512204.99659893,2554833.14968205,2524608.92247044,1840700.97171053,1969742.60004015,968442.503237434,355244.315988285,318212.746269735,1668584.57827785,1577745.54246877,350275.471577334,403720.529471248,"0.788200503330172"
"570","sp|Q96I99|SUCB2_HUMAN",3095526.28156166,3068943.23562515,2412075.99549231,2302689.56573466,2592120.09005208,2015652.07531593,2506811.76108666,1661547.589938,1572695.55974573,2187679.20016434,2173828.58102589,1975097.79225496,1886352.91297997,"0.370752030234231"
"571","sp|P00492|HPRT_HUMAN;sp|Q9NRG1|PRDC1_HUMAN",2449347.16983365,2376015.46770063,1607900.68040145,1691452.35478222,1087928.85394,1130084.51246963,4279737.65082951,1952233.19377765,1787614.46534553,1083216.13476853,869215.973770958,948014.810789953,1023419.86641006,"0.630116986648668"
"572","sp|Q14240|IF4A2_HUMAN",438321.17733603,522371.185847853,416886.880985711,419909.323893579,510099.985725121,518879.282775729,462889.987553202,749580.707460024,753382.96903056,393309.536040086,361952.047038197,473701.379673297,432401.540017191,"0.347600929768881"
"573","sp|P22897|MRC1_HUMAN",1199946.18158855,1310331.23111058,900973.440419104,992446.157474537,752822.784991302,1184905.00325504,669964.008866092,881593.684749905,739801.981612344,799009.908891851,751692.512148466,861124.855711879,952369.841749105,"0.613791356116803"
"574","sp|O95336|6PGL_HUMAN",4648736.48609429,5249950.45320801,4673840.60095794,4348907.41098091,4126663.79506078,4239643.36124201,6291859.32636931,3519176.78135186,3355670.9516508,3436149.22914565,4080013.10112909,2934360.83413484,3083640.81733091,"0.099918973690947"
"575","sp|P31930|QCR1_HUMAN",1686283.2950633,1357146.49984182,1101152.66012449,1225005.96965191,1471984.87757159,1359730.97775607,1028977.03279525,1817649.91468495,1729534.53461854,1807469.17222987,1918243.54141505,1923533.5613234,2237462.9548958,"0.482521776938345"
"576","sp|Q9HDC9|APMAP_HUMAN",1039416.65745728,1271858.8333985,829399.864448704,696935.170113631,938149.095892869,995436.419836365,917737.88113743,1866105.71508598,1912981.41230884,1130974.76211505,1498051.00761986,849566.649732286,871204.636154567,"0.961421291793551"
"577","sp|P30044|PRDX5_HUMAN",7260723.92350988,6984641.20575871,6506798.68617141,6871842.52062369,5470029.52036782,4726700.22260209,8689252.93987305,2504847.99015165,3291822.99627641,3017078.8066785,3065588.78339945,4304978.89444,4293402.28971027,"0.590346817247707"
"578","sp|P06756|ITAV_HUMAN",777873.953167252,634980.912548499,747740.845827005,894424.340392223,959205.838103716,990508.626784527,448619.658046817,938411.74640779,867144.612698345,1623606.16315081,1734656.13165004,490014.481853675,513412.602331333,"0.743962981915288"
"579","sp|P04632|CPNS1_HUMAN",949729.605366928,913641.313852557,1908902.31607155,1987514.66888429,1570749.35895311,1493600.20184011,1370161.28249856,1345395.64704591,1352862.22987796,1314319.79182853,1331859.82546832,798588.292663994,805258.32847447,"0.93817123956019"
"580","sp|P26639|SYTC_HUMAN",345040.729106812,400629.24894389,450192.894403298,504752.318727894,459617.157679595,435973.237063544,330582.192903039,403913.533078861,398389.646008861,946303.151957024,920817.009544027,452722.842428443,428388.058382827,"0.992250795696964"
"581","sp|P55809|SCOT1_HUMAN;sp|Q9BYC2|SCOT2_HUMAN",581357.670011596,467854.268565548,471917.171663381,394126.625950096,479382.576362552,445168.616192075,774658.022334267,1379264.21014613,1165488.28217608,746016.575179085,818620.806105204,700122.015466588,688970.237996482,"0.482143952331637"
"582","sp|O43390|HNRPR_HUMAN",1994787.30292158,1658216.76843974,1464402.72558952,1608696.5725427,2456388.18196382,1712560.73636459,1492367.11969921,1383549.21715453,1512277.87474087,2199427.56135112,1528632.01670667,2740914.03985613,2274496.23334331,"0.442416084391905"
"583","sp|Q96CX2|KCD12_HUMAN;sp|Q68DU8|KCD16_HUMAN",3037662.87350434,3313387.10882124,4145868.95696044,3811778.73401134,4150196.98788849,3989802.12938042,2610438.45883896,1571437.464315,1677359.17754944,1714438.13616203,1736180.75272307,1899146.73424029,2364023.83101037,"0.575759749636999"
"584","sp|P62158|CALM_HUMAN",19100284.983825,25623454.2263276,32507619.3417446,29028854.5982686,26423898.7722913,22095700.9753689,23009308.6856703,17917585.4913505,16369016.2124521,10377679.0654368,11399658.9026419,11419993.1611843,13538375.9706316,"0.616902116968009"
"585","sp|P52790|HXK3_HUMAN",1539245.64865537,1468347.51356224,757781.418359089,756869.045933164,473026.330608575,441153.807684227,506655.663044741,834832.938072724,576504.954232869,265443.539607654,236590.913215385,630057.194554852,658348.536668339,"0.638697430019601"
"586","sp|P45974|UBP5_HUMAN",2994968.23542177,3359540.53281326,2851913.96750239,3144361.19455673,2678790.27228186,2631220.35787036,4962634.69137059,2250414.50361863,2296309.56324073,2554272.84143991,2599614.39253753,2151038.92402511,2255703.29954148,"0.237287111233869"
"587","sp|Q9Y5M8|SRPRB_HUMAN",369674.841279451,430961.098024672,257783.597259304,250549.125664874,226432.243087016,203205.276354379,203416.625790441,902321.319693983,735395.39317556,705808.687016521,708836.085006315,709878.775296734,678728.015743836,"0.501793680974042"
"588","sp|P45880|VDAC2_HUMAN",3944692.15439837,4640251.88095678,4971651.04342869,5828606.15515611,3241138.60691734,3070157.95977434,4065804.62795384,5001328.03144591,5237546.17033501,2297699.05120332,3180512.82499798,4174193.41454269,3706420.7460974,"0.813097490083101"
"589","sp|P38117|ETFB_HUMAN",1330925.58038256,1538246.55050071,1057455.26598427,1112715.88270024,945529.284365277,803413.173010835,885751.141427747,864451.653727472,839699.225541928,917775.742420463,884568.189140173,1563261.59779196,1497442.5689234,"0.915147402296921"
"590","sp|P48506|GSH1_HUMAN",2606828.23065736,2469124.81244478,1432708.11988661,1295694.87205683,667576.073921698,624344.547087954,3454762.67634058,792962.752712114,753370.14952804,427934.671149424,409274.182083319,875612.950281625,818551.21634151,"0.579994180982247"
"591","sp|P25311|ZA2G_HUMAN",1116121.35521288,1189249.04392342,1898209.74737957,1921567.05005686,872673.832088471,804007.321794516,1990588.81746656,345811.508093846,352837.807481478,535520.715858368,474765.927504055,408879.571870393,440339.733821966,"0.468359577703489"
"592","sp|P49821|NDUV1_HUMAN",340700.34829524,326255.315012608,576780.688545556,587207.471345556,360705.985032586,411947.502631802,501337.357957097,322668.334409441,342123.653269791,395031.595996913,414888.762079296,541927.241840522,488329.64195071,"0.334646091178391"
"593","sp|P27708|PYR1_HUMAN",298379.592273328,385672.484999855,378493.621073428,351265.269494002,231004.201057608,241936.951678544,430087.704995203,998731.734397353,910678.275865118,433794.575083246,351833.018187675,467253.674307303,528175.016752755,"0.0941972857394005"
"594","sp|P04844|RPN2_HUMAN",2318571.35168879,2266430.08326757,1213262.83210314,1435436.46305818,2945523.17984436,2897652.83717721,1455001.54789021,5273856.9486568,4233762.39437102,5127620.67164989,6498174.43063829,4540914.87026601,4777084.39606061,"0.814860755955096"
"595","sp|P27695|APEX1_HUMAN",1159530.27723367,1062181.45887925,1090746.44085572,974614.750674995,1322451.19228349,1282730.8419722,667829.393837004,735749.796510983,746805.361197719,2006973.93289147,1664479.26584691,2127979.51193885,2038425.35471771,"0.45367382418852"
"596","sp|O00429|DNM1L_HUMAN",456808.913302298,579136.226371154,550980.20169583,592504.924191209,589413.738500819,580446.436401339,472444.726916252,555203.378305749,564966.754313887,647723.219643579,599517.344432181,485622.818486781,439034.150131363,"0.838755745691481"
"597","sp|P13671|CO6_HUMAN",1221136.18675799,1261672.76468746,1966478.90566916,1611191.40151013,718257.265166762,627070.352108393,2379742.53948544,366444.049398085,347023.654202344,841219.606462675,907259.601281872,712186.035111511,736390.099800139,"0.204595077206943"
"598","sp|Q709C8|VP13C_HUMAN",397025.786753388,381431.128981158,400380.603696697,429413.985786717,354888.737899095,380650.855982506,212196.519871835,298692.766496923,265518.777596473,343258.387977957,351939.621308696,320183.84367464,329313.137492082,"0.19292462054599"
"599","sp|Q5T4S7|UBR4_HUMAN",485169.712298445,561948.580923767,446236.263500356,445117.561366667,435656.380482622,410588.275471381,557134.221192872,443288.344609357,552141.307112712,474930.2749727,564792.614578768,389542.709360664,401388.817178646,"0.438710928050946"
"600","sp|Q9UJS0|CMC2_HUMAN",819987.902292564,864791.903753294,525897.991529889,482717.62661438,596461.042428113,548518.449288074,321392.859814927,1406860.68792497,1513155.57477644,845895.906176777,854930.939574466,668733.817901398,748370.612180169,"0.589064472745479"
"601","sp|Q9NR45|SIAS_HUMAN",3605271.19290442,3548279.10871152,2869850.90940373,2946559.00114968,2894641.52106905,2518459.12452107,3911812.60837935,3373455.49797244,3263769.54398375,4951078.91105714,5162633.54482131,3715977.02316486,3824734.43638365,"0.844241603754912"
"602","sp|P63244|GBLP_HUMAN",4024607.73107183,4077985.78910136,5508973.92229605,4882844.96410752,3185220.50563437,3776954.86056432,5048114.8290063,7472830.87473065,7981461.23968647,7155712.97820998,6289326.55617127,7658113.06102945,6382235.57186276,"0.319485892337566"
"603","sp|P02760|AMBP_HUMAN",6653403.85884139,6563363.43247824,7340719.32850139,8290057.40084769,4764849.88606018,4053880.39971439,4044688.09917289,1717612.86643298,1582230.01069838,4587390.80544786,4368309.38917862,1019161.26003008,1117494.83516923,"0.16069469404399"
"604","sp|P46777|RL5_HUMAN",624132.395850753,550820.453987599,626641.704479503,595829.467220159,1095839.57721606,1126084.38139941,495963.415449791,2626753.91998314,1980325.3480788,1254097.94379126,1361463.55495086,1700870.32408907,1714056.15562711,"0.323938007702026"
"605","sp|Q14008|CKAP5_HUMAN",360225.89641457,465704.158561888,300055.93656797,347121.160104897,419531.250415738,465391.180042879,401400.824787331,1078125.83706346,1183752.08145944,672004.605682146,644118.171318898,609679.14863016,586852.846343677,"0.301105250472683"
"606","sp|Q9Y265|RUVB1_HUMAN",2057702.18820511,2104866.9416804,1997635.25715582,1904209.37496298,1220528.85631517,1252817.57200426,2208765.59795663,2609358.55649337,2565758.8222179,1198611.7264754,1327410.42898652,2690276.3774591,2883315.42548922,"0.450539596773688"
"607","sp|P52566|GDIR2_HUMAN",5933816.41120862,4987288.39760294,4372011.07453702,4874661.27037274,4816675.56080714,4400823.59647059,5783611.56154786,5601428.58329295,5827278.15391852,5439664.94058723,5474186.83733519,4755431.93550452,4670564.71735514,"0.235739444377173"
"608","sp|Q8WVM8|SCFD1_HUMAN",528348.623716156,440921.130722206,564480.696538695,647160.009845948,535029.327905954,539786.813160363,724383.839472514,565583.865789746,613339.586932706,678902.859277904,616219.646396796,862600.578129325,712687.802074772,"0.134514801521938"
"609","sp|P17655|CAN2_HUMAN",4380319.70501771,3849553.26137227,6979703.83265258,6390981.94664348,6219313.41522724,5150803.40919146,3931126.00698977,2244923.89050084,1714773.44108161,2973659.75198551,3682741.56685211,2648951.32717468,2549162.15012489,"0.0720776812361776"
"610","sp|P36776|LONM_HUMAN",502355.841944916,544166.623858891,339928.304537969,319639.976621656,392977.696631992,404947.292408536,137904.132354806,423880.946075757,540123.245184528,229093.431440496,240916.073759159,476735.442851773,514258.503804155,"0.868128031373173"
"611","sp|P16885|PLCG2_HUMAN",229867.829760256,212122.148416839,220591.910865797,234181.50430136,280095.248770224,219873.660088148,287383.694592452,345805.517702557,377713.163110581,594804.164341686,643892.717721779,397226.220620836,445287.918538409,"0.835953891186964"
"612","sp|P39060|COIA1_HUMAN",1448954.63757358,1512674.09237125,2584472.59369451,3061823.41447949,1792721.17743002,1935910.3069191,2110074.74661334,638844.17631952,644667.130083041,1312476.62781624,2066675.59482713,950623.849969893,915724.787903562,"0.258445329877956"
"613","sp|P62826|RAN_HUMAN",4110419.75672265,4013493.3064276,3336493.33594348,3085757.21221,2416794.10171927,2717954.73998846,3017821.40613044,4209624.31286396,3602182.72156846,4980101.73023693,4596097.12170182,2800758.95888295,2996293.10293805,"0.310680193056824"
"614","sp|O15511|ARPC5_HUMAN",2216863.00265989,1929996.53028845,2047228.87531311,1901015.9938242,1696412.57354223,1544841.95897993,2342203.58137257,2107293.16792008,2108471.71183237,2842673.86382334,2304582.19949938,1981935.07181108,2413417.74408867,"0.673844239651568"
"615","sp|P21266|GSTM3_HUMAN",262028.718498399,212396.145571408,337436.06106061,334640.738382727,494920.837487269,331424.293844359,541282.943729114,222409.878471359,229777.218113553,373476.795175327,279800.361574535,506028.260370478,610870.091577505,"0.141957458236917"
"616","sp|Q7L576|CYFP1_HUMAN;sp|Q96F07|CYFP2_HUMAN",1262687.5495482,1339474.23732678,1151110.54610437,1209602.65070327,1622903.06219824,1768187.67997232,1016713.72190524,871117.83962935,832742.365543224,990638.579061272,1048691.1066239,960078.532171525,1015760.20475012,"0.309332998433745"
"617","sp|P07357|CO8A_HUMAN",610951.312339241,459768.624895832,1157743.63155895,761316.996261167,641328.664605199,543536.514010799,754086.575874746,147825.986038448,187010.526606834,1003604.42274701,822379.8797565,332471.938767259,408380.101288079,"0.419957638714544"
"618","sp|Q9BS26|ERP44_HUMAN",1866257.97133628,1806987.29475683,1103203.57129596,1384423.16665443,1361325.71849956,1145334.64023052,921571.210094229,1548024.07535942,1829859.57939729,1978376.58817569,2207748.65806359,2128143.68979112,2133974.10174823,"0.932359492237434"
"619","sp|Q9NYL9|TMOD3_HUMAN",1439455.2233454,1336405.7332392,2289830.07044529,2228328.91312576,1698221.10585786,1591019.05149374,1530085.70396709,1691510.51145102,1516443.65791878,1220753.03315833,1307722.96902295,2043358.99298644,1794350.06268919,"0.277927947886268"
"620","sp|K22E_HUMAN|;sp|O95678|K2C75_HUMAN;sp|Q5XKE5|K2C79_HUMAN",29042899.0849942,29690669.1828876,41668857.5198726,46869504.8201212,29146972.3098939,28282497.2484722,25743087.9354529,871222046.827134,983794408.728182,78437957.6029265,64276538.2741269,333195094.585141,404150533.901614,"0.12255304069032"
"621","sp|Q96G03|PGM2_HUMAN",612343.443936423,636543.662347325,615021.525845698,669588.460380245,672057.257126513,623770.02940166,686957.858659995,1002593.66940456,893649.209662464,548202.674587565,721005.158625209,633627.948238756,692636.115425414,"0.716421582537534"
"622","sp|Q14683|SMC1A_HUMAN",599193.51063489,584536.887919259,438351.917960686,420586.940666668,474642.138503988,486511.747847023,851536.724514828,661898.290480858,582114.370801649,578702.293883753,600997.490612898,623823.058310021,595386.193891964,"0.654938455321953"
"623","sp|Q9NUQ9|FA49B_HUMAN",695050.607978597,762389.233541882,446226.623956888,416554.773949299,593953.493202046,618858.93097765,275802.174806266,1191720.28144528,1281317.00091224,699617.599778281,651507.488708609,1309368.21945966,2180943.1416343,"0.116915762154639"
"624","sp|Q9NZB2|F120A_HUMAN",472520.584675295,413958.967606048,300725.760645126,315644.033227876,332473.996494536,416882.20201414,331868.375213474,439056.382777177,303836.193578997,558477.377673249,608327.30099393,481648.869785388,496512.925844162,"0.605908938183777"
"625","Int_P01008ups|ANT3_HUMAN_UPS",1561340.81515278,938469.875519415,852050.486956454,836603.417899532,1085959.29216644,1006621.03878496,704133.554893294,328682.300391462,365746.529655152,561474.687133623,451912.719565102,769093.04065181,686465.357670669,"0.572334560380608"
"626","sp|Q15084|PDIA6_HUMAN",10021212.9303606,9619795.79559204,8034763.7039277,8046770.55134367,12707676.5088119,14043045.50879,8652037.75462748,33205066.6903927,30092534.855215,23176816.5794755,22273179.7020849,28549982.9029607,28944114.144109,"0.323210740016897"
"627","sp|P04004|VTNC_HUMAN",7625375.3855214,7739194.25283729,11200137.5596443,12254224.8593874,9666320.92004323,8694244.11208467,23692753.4981159,3008930.76488033,2960029.08591882,10464159.7243154,11575038.2703748,6018266.4202719,5807472.54127799,"0.455924332892491"
"628","sp|P35442|TSP2_HUMAN",63436.6036022914,53781.4225740947,150088.146758315,197175.439269409,59069.0497821174,54285.2263377681,218828.611218603,907393.402671924,709020.488092235,1899739.04186014,1921138.91184214,132722.765992108,140764.525212742,"0.978942166957661"
"629","sp|P62714|PP2AB_HUMAN",126332.869862604,107169.345544718,160260.183797065,56242.2990288255,88709.3510981648,99424.9008650323,27397.6485945001,178308.166000841,160790.611305501,102655.056254661,140167.088235554,91485.2972474665,86791.0903338294,"0.342480341770362"
"630","sp|P02765|FETUA_HUMAN",11799133.2519039,12754925.3719908,5703295.29322901,5144697.38085717,6951508.12454655,7068601.93188902,11229199.8026884,2475579.55014274,2419693.6700931,4037305.39926566,4580593.83200224,1896931.13330592,1947712.71365768,"0.381114108300671"
"631","sp|Q9C0C2|TB182_HUMAN",282169.933298926,266691.907904876,579648.452801218,501628.655070379,632185.303868453,651044.12216519,175471.707395486,529904.754593143,503225.017368613,438747.066866879,373946.54531607,327301.783132326,357149.498831634,"0.322270989240562"
"632","sp|Q92499|DDX1_HUMAN",503879.292449374,375759.291163203,393268.697115254,501559.383605367,660245.5936439,507297.791943164,293243.398461798,896123.546325581,600619.910857957,598351.218983817,577326.647926673,592207.529658614,724383.021525112,"0.217361741400123"
"633","sp|Q14847|LASP1_HUMAN",5331353.3082956,4543906.09871752,5042672.3233689,5209815.42154464,4042327.3877073,3929641.56725984,3085601.22071466,4185148.22040618,3429365.53082466,3715627.92174445,3589661.23420617,2712910.78509517,2410588.92977387,"0.363701958027461"
"634","sp|P43652|AFAM_HUMAN",1568747.82979167,1663203.11296826,1421308.843086,1344406.45243645,1075564.99269604,1185646.38472901,5559524.85196825,486021.645213458,413417.611305578,802731.658443028,775679.698350689,573808.936272536,606415.779680479,"0.399116013915599"
"635","sp|Q9Y3I0|RTCB_HUMAN",1159842.1368751,1188051.72078007,1344844.00994448,965234.437055559,1039190.66048271,1149572.96099318,772114.520499087,1416306.92118677,1529923.65272323,1181247.28189761,1729164.85632765,1144834.34823009,1242104.73593758,"0.830516013239002"
"636","sp|P50570|DYN2_HUMAN;sp|Q9UQ16|DYN3_HUMAN",1892198.87424785,2096673.73373246,2025101.27720195,2056111.60763855,2400878.90075378,1640369.34003164,1499001.84155671,2228835.45624449,1827737.81594178,2468321.17437395,2207757.06838117,1635215.49361796,1698259.45183072,"0.735946623013588"
"637","sp|P31040|SDHA_HUMAN",438196.52429739,386411.575776842,421543.86062037,435621.772021984,764052.426501791,682250.17211955,534643.919814328,1014449.36750959,983363.186837297,678590.934956776,674804.825955374,832288.779812008,1016146.96614043,"0.192485398470694"
"638","sp|Q9Y2X3|NOP58_HUMAN",257438.7649905,268418.470615753,294395.209566371,271783.012525053,212628.401091444,209706.400668387,783523.336742763,780912.139221801,628610.754722457,364020.922446866,349931.771763923,669049.268341904,540144.564648846,"0.0553678285213229"
"639","sp|Q9BW04|SARG_HUMAN",1091404.34911165,1217261.42945713,1365366.67615427,1275812.75387689,1453449.56247896,1345226.30297031,700922.378506901,274996.071090432,189843.158407423,249702.661299487,242060.051189391,352263.57469359,324718.902677983,"0.522596628662834"
"640","sp|Q14203|DCTN1_HUMAN",773168.65552399,733264.515422166,799244.08418681,850201.676706895,1209403.34301881,1001831.04434472,1057911.69432517,879920.619519852,864454.767495489,1036122.7287574,825078.049939541,625407.519752702,596273.394480796,"0.914557336849867"
"641","sp|P62140|PP1B_HUMAN",566370.37014377,735278.480692534,876452.253840334,777009.080648071,660586.466779082,833107.372156264,600916.595291514,742418.549476842,538873.106131401,647992.073310321,592018.87145013,476151.529801329,558340.86208827,"0.619553046149278"
"642","sp|Q13576|IQGA2_HUMAN;sp|Q86VI3|IQGA3_HUMAN",1696076.27282225,1690831.91837483,2018677.19239335,1613916.02410009,460054.65514593,1057287.00258003,3664225.04293607,470072.122709795,791377.580159554,292778.512741283,1117257.81971325,1025633.2321426,273883.771255922,"0.184432334024011"
"643","sp|Q02252|MMSA_HUMAN",2874293.91958436,2991383.00414688,2321634.43472638,1867019.03975137,1210093.54029747,1312352.53510601,878557.189713382,1131025.95317751,1018013.26255131,1056837.35103872,1506386.63024988,1304708.33491492,1062011.34590721,"0.378111474007759"
"644","sp|Q92973|TNPO1_HUMAN;sp|O14787|TNPO2_HUMAN",1115046.07248704,1150999.53840325,1452124.04084952,1280338.05173916,1366985.66416366,1296327.69278768,1385457.22596871,1402112.21215725,1428945.70658474,1434553.37362946,1198691.65138094,1018116.22048648,893647.970954161,"0.75740500311145"
"645","sp|Q9UNF0|PACN2_HUMAN",545109.707394746,620132.344114443,821586.012863672,783205.330332706,710944.598832628,843162.873091741,532054.132818301,468386.724674142,405590.74255946,431305.642522013,512392.716227501,436549.348186579,450736.205127738,"0.0339544245180213"
"646","sp|P51149|RAB7A_HUMAN",6688511.18213602,6795616.00644377,5273221.19598774,4990099.2490385,5153599.04120744,5432355.49940861,7067598.20072741,5399594.70208899,5301786.52988376,2544538.54734349,2659171.45361113,4431020.72750154,4405720.64424785,"0.758738579527541"
"647","sp|P61160|ARP2_HUMAN",3217542.66976578,4064089.7045201,2584212.23278311,2368798.38844412,2943514.73661488,2114307.74116096,1845130.82655226,4108796.20239064,4592167.49623027,2884943.66147397,2985174.50477883,2801594.41132264,3027889.38693555,"0.678004000894139"
"648","sp|P12277|KCRB_HUMAN",2139678.78767094,2759363.51820329,7214241.3162837,5615158.21346177,4841684.93986796,3896268.84704252,2708904.56505105,313123.425223566,406780.835183483,1044152.83412515,926428.424994692,2132725.76118952,2129415.44912075,"0.800595060872755"
"649","sp|P08123|CO1A2_HUMAN",1429721.7979202,1364600.67178459,3954039.07340716,4502227.47339183,2992379.38355597,3180263.06694532,3810218.48461186,2165929.36149789,2120126.2198946,6291632.98348815,6489976.91838347,2053306.08245319,1994873.93579251,"0.958413428512613"
"650","sp|ANT3_HUMAN|",872733.387156933,2284852.5862871,2810621.46399021,1362517.63631277,2235927.73586431,1395607.58182589,919775.03306341,226675.404132893,224392.6345294,547749.235564745,625885.987952498,582607.757518692,536420.266793397,"0.245513640103731"
"651","sp|ALBU_BOVIN|",555607.671701138,451498.476086827,127219.701598185,108469.465472161,143415.05765409,164499.236364282,323588.145606906,57218.6745245691,63757.2491578847,58747.2627251388,52972.0594993784,35672.4082548786,27548.8956205637,"0.49335778242762"
"652","sp|P0CG05|LAC2_HUMAN;sp|A0M8Q6|LAC7_HUMAN;sp|P0CG06|LAC3_HUMAN",120881255.651057,131642190.760657,350195717.454248,385539475.133255,185572418.85884,181675763.575255,284768671.852355,62793739.9788614,62582551.8829608,169502091.402135,172748677.216958,173315190.328561,176732494.197901,"0.911545259453026"
"653","sp|P30040|ERP29_HUMAN",4826432.63050081,5035817.01005414,3483683.09907619,3534880.99605762,4259677.60375909,3941587.20143128,3809309.11116962,4653152.10800363,4646564.05522149,4336282.34119368,4344854.26215012,4027268.25849645,4275072.71716322,"0.463269543202248"
"654","sp|P20774|MIME_HUMAN",697886.209337578,703816.799697822,2163376.71525686,2496345.64494734,2376371.6806584,2449264.42473486,5751512.13614094,104817.292885063,116837.054351108,884793.606044241,679322.518582873,344235.375862302,353128.692068881,"0.192642533295111"
"655","sp|P50895|BCAM_HUMAN",3430551.7389524,3646038.02173988,6504511.71309071,6937986.9550853,6736930.72754316,5714669.23334854,4014837.00444363,5949434.54035488,5354101.5998131,3402254.23233773,3239705.2890271,2982173.36488251,2680052.29409468,"0.702519675754568"
"656","sp|Q9Y277|VDAC3_HUMAN",4443821.09333292,4446489.4892786,2746360.5143745,3134887.91663522,3054764.49604666,2325510.002716,1919847.18224703,3746144.60080874,4088623.63762486,2462891.32016339,2584591.76068661,3812694.35124962,3766837.99170174,"0.88604385134407"
"657","sp|Q07955|SRSF1_HUMAN",1049500.7932885,834136.032536437,947160.048031043,955231.922595272,1068220.4659981,1056970.54402253,791459.761714579,1414462.77260395,1520833.56021033,1255997.001983,1209944.16173267,1074982.33707715,1089570.15473347,"0.437416570729414"
"658","sp|P49257|LMAN1_HUMAN",746515.745663651,672045.420484669,661570.546425011,660442.086822602,765667.01294744,689705.761482497,955550.479390273,1211721.61637666,1034578.51763989,1515943.03459842,1530026.11782354,1319954.33210962,1452155.7882949,"0.658696787793819"
"659","sp|Q9H4B7|TBB1_HUMAN;sp|A6NNZ2|TBB8L_HUMAN;sp|Q13885|TBB2A_HUMAN",51413780.8126249,44739364.5221593,51125619.5101983,54882678.2248516,46998232.1675105,48610542.1458116,47157692.05875,35752980.2235664,31663299.037218,55347621.6823296,56735225.46161,30968334.3959173,26143070.8398404,"0.107685272233975"
"660","sp|Q13642|FHL1_HUMAN",11044338.3392289,11202033.596586,17731428.7318607,15270387.0542976,16540150.3765488,16792732.7412804,12335378.8127558,1282325.9458399,1255231.56898383,2968198.06856845,2655064.70807662,1674609.80529272,1874917.78173799,"0.45882994095573"
"661","sp|P31943|HNRH1_HUMAN",469177.833857662,617436.454264615,581082.185246237,592168.136258302,563387.840122601,421829.63293938,477255.030664215,1275887.47354575,1138071.54245148,544090.522198228,547294.611073678,612973.701113702,922235.804394439,"0.111603406410057"
"662","sp|P09382|LEG1_HUMAN",7014470.85540551,6723255.52219557,8839792.3381158,8758980.15773443,11194857.8768105,11587967.6226379,4022711.32296282,10438226.4100987,10333974.8815986,14182828.056097,13854970.0509032,5388279.15685129,5824534.68574626,"0.908791398416653"
"663","sp|Q08257|QOR_HUMAN",1683251.19939173,1689964.1658622,2018211.32126771,2276815.94201017,2002309.6586359,2333231.16079999,1791084.61950557,1151640.35144701,1211215.63161011,1901863.70474111,1797459.07898577,1545588.96087632,1852692.07199717,"0.59994998625103"
"664","sp|P39023|RL3_HUMAN;sp|Q92901|RL3L_HUMAN",257637.833655204,278121.745049312,301478.376752602,319471.263791378,479697.895772239,458338.102074211,170583.397853721,910102.748718929,994729.043006261,984858.880317317,922525.50009998,540132.620346164,585237.146677547,"0.632693954156313"
"665","sp|P21912|SDHB_HUMAN",589018.328323985,718476.576554746,663606.85251415,810459.166630371,1114437.84976888,987283.029578024,1106525.61226965,813029.700773091,780006.195975403,748514.811156639,997241.022591015,1153582.78043583,1222232.81091068,"0.519422884333498"
"666","sp|P09110|THIK_HUMAN",2728298.80466977,2747181.8379361,1483169.13707765,1453965.1235926,1962643.88188219,1912481.75594372,724563.914195142,577749.344893298,676674.756171253,1447982.8461811,1478121.2259839,635101.101560799,653292.187730648,"0.302525809804092"
"667","sp|O43175|SERA_HUMAN",456564.221121257,457506.392486152,653731.97515966,686127.812667764,635937.683974228,663204.232824588,1002140.83639232,2081490.36702269,1789069.58160127,2013281.4412575,1787795.68459265,985287.409324705,1032171.57549144,"0.655434699256307"
"668","sp|O14818|PSA7_HUMAN;sp|Q8TAA3|PSA7L_HUMAN",2572717.19000163,2750913.71915392,2475500.16500092,2535039.52665902,2046290.87963125,2238198.28939235,2619700.85149407,1980423.0625364,1853138.52861515,2587694.19838086,2231329.28130625,1581285.0683175,1609143.73157559,"0.176887689989577"
"669","sp|P22102|PUR2_HUMAN",225362.808547663,216813.712457934,300042.303463466,331304.503226627,361637.020818661,331951.950378806,423491.005222948,645214.130533898,490361.191603507,618536.486233684,686062.384514517,602334.535609157,537866.485066146,"0.669873104467972"
"670","sp|Q9UMS4|PRP19_HUMAN",357936.042003829,344174.048313685,356310.974707436,317384.427815733,566602.797964905,503980.826361644,272838.336641867,1231648.38785136,1149488.69895191,958239.954499507,818536.301573725,929431.802248899,898808.216990393,"0.349354010607852"
"671","sp|Q9H4A4|AMPB_HUMAN",1310334.29444693,1475806.31806285,1560396.15405782,1521289.326084,1960713.97007644,1643522.80508579,1064699.88143716,1057750.3377421,1239822.79977159,2137399.40995279,2228204.33139473,1167406.49271991,1073247.79447921,"0.74575597772807"
"672","sp|Q9UNZ2|NSF1C_HUMAN",1958152.03008961,1945223.32761493,2170525.55596107,2244467.22664648,1550534.10919693,1511678.72761254,4239809.19423483,1966139.75269044,1867432.34212932,1517154.76699836,1590314.86249622,1073743.12809219,1050530.08014817,"0.250877455163563"
"673","sp|Q5JWF2|GNAS1_HUMAN;sp|P63092|GNAS2_HUMAN;sp|P38405|GNAL_HUMAN",26426421.6899497,28334930.8640343,30438952.6563608,26005015.5776156,27029026.2250919,29755543.9801634,51486175.8709058,17588822.454812,19014513.7821413,24906429.7570483,21483972.5472866,16928460.4506967,19140462.5791688,"0.345739206674624"
"674","sp|Q99714|HCD2_HUMAN",2446198.64745919,2417948.4552585,1589797.57580385,1818547.33870696,1859141.57729698,1599125.90329567,1362268.40617456,1864545.55776747,1729344.8251611,2820290.59549934,2484823.53227707,2391761.89899621,2957932.31269905,"0.960464144707061"
"675","sp|P48147|PPCE_HUMAN",850711.17498296,921324.882819704,691355.796566981,665639.753131766,569349.057263425,509956.361218581,367532.551029497,940199.748017325,1078861.11951521,1250594.43501473,1225457.38141205,907341.339635328,1132443.41839959,"0.741996424111589"
"676","sp|P40763|STAT3_HUMAN",394275.153012157,351461.020845663,317922.385549005,340298.886388544,386295.582684861,404807.811773981,169567.308149052,487299.042403031,489003.600623608,326868.310951997,337517.428696219,332610.715128741,361600.673493468,"0.935401936331754"
"677","sp|Q3LXA3|DHAK_HUMAN",1380590.29184495,1409634.36302856,1338801.26049295,1126306.45022186,869782.914853558,957200.549651776,1682474.19502324,731085.505778974,753020.993617264,1124761.66036029,1102572.31348264,913499.523252231,940918.382425404,"0.256383108518189"
"678","sp|P07686|HEXB_HUMAN",2703099.39052014,2742250.68687028,1571389.80832015,1586120.28349485,1132123.72325092,1067381.31947532,1454552.94610607,1475646.03808156,1651502.94905032,1142757.73805036,962804.294597016,1518608.69029334,1290417.98516781,"0.656875632410831"
"679","sp|O15523|DDX3Y_HUMAN",514446.902412716,657033.711720343,460209.544726071,263168.087897999,766643.879372262,537260.51680364,434026.731426026,459856.312877372,441953.692880565,624801.60420219,544174.641497753,542680.926860475,479536.285690343,"0.941320845968862"
"680","sp|O14579|COPE_HUMAN",1190080.60233814,1741913.78331176,1294905.41117845,1129429.64155572,1906825.00536475,1420273.04032156,866136.445488315,1773930.00993405,1641991.71316556,2089285.84263245,2081969.77970656,2064217.28133083,2163835.68362143,"0.554666797038773"
"681","sp|P53992|SC24C_HUMAN",336565.775670845,306932.308096437,411467.845326442,386368.008688025,521599.050047657,466716.20305819,301696.853534899,1039962.77885361,1040788.34120815,709978.954754547,573797.613078375,598667.683556095,615374.127128428,"0.21651820814721"
"682","sp|P00390|GSHR_HUMAN",1777054.8627741,2003944.43904402,977319.397629541,1025587.41560263,651417.972477002,640709.036861835,1972456.37208007,683452.497341863,755632.723063912,474528.349970435,463577.537427579,1246353.95205197,1149305.12621124,"0.725649065202271"
"683","sp|P07858|CATB_HUMAN",6717259.3193436,5482367.06879864,1839410.0807685,2065231.25665812,2588750.98244586,2171842.96770804,1430569.39390252,8630029.70913671,9341913.29296509,4301453.73119035,4002316.85721098,9539053.11110686,9403502.5214732,"0.372739492461595"
"684","sp|A8K2U0|A2ML1_HUMAN",27549.0917387826,36663.5320459519,272478.279151022,256618.774769312,11724.8863299868,17845.1871862258,85440.249108242,531433.773942552,514715.238791687,11799.7493433905,11148.0534795695,449273.807868354,435471.34989558,"0.0773568020455367"
"685","sp|Q9UPQ0|LIMC1_HUMAN",300145.297840958,335010.957645236,674099.568499754,692060.084229735,1028609.24350136,943652.620093099,154321.068111765,90760.0311332785,104179.542260923,161380.359603343,135115.609999837,255434.140432203,223102.195981912,"0.702378764479651"
"686","sp|Q9NY33|DPP3_HUMAN",631035.665591371,520653.48464935,841050.908919312,869776.790105173,441157.92011802,523036.803488052,1202531.34176095,646766.758356961,630786.474423649,564728.02682216,575745.95798209,1142256.69925253,1131619.84030822,"0.203092499457114"
"687","sp|P51911|CNN1_HUMAN",1134016.76164478,1157639.24512802,1353720.72296789,1223063.51337156,1623296.96285382,1581435.24153003,897542.839630215,235070.169369268,272671.521230586,589509.015172776,553494.246819168,255545.245209785,259944.018451175,"0.347126873305507"
"688","sp|P05090|APOD_HUMAN",2487194.32042541,2462763.67740682,3269265.20904378,3228364.11686658,1161356.11535205,1831431.52825466,4158129.14872343,758947.336999023,850362.538415977,1097199.2547687,1250754.93271206,584655.806059992,512892.087588602,"0.339123478008531"
"689","sp|P50213|IDH3A_HUMAN",957866.842477732,786197.658115796,498599.800491041,625409.013099817,786048.843499938,1010861.30004119,650230.28258342,675551.98352325,662097.966513511,636943.183518506,739493.292657741,1153152.12644785,1027936.73547442,"0.976811577483692"
"690","sp|P14598|NCF1_HUMAN",100834.442700824,146384.849866261,34013.9999326789,32288.0177069531,15170.9498097542,14579.3648837614,82640.9776657951,265007.864319159,367158.940553018,34116.5623833931,27996.957697132,136582.514090126,159553.510543888,"0.311312735970252"
"691","sp|P60981|DEST_HUMAN",4077420.74774106,3757095.59156748,2159985.83957285,2777514.48899327,2299697.80557331,2229283.80142056,958381.943862728,1736875.23082424,1440218.49910951,2241470.83415831,2783401.84702456,1396754.36383589,1411713.98227352,"0.206678698375542"
"692","sp|P48059|LIMS1_HUMAN",802364.798157767,1256045.83122738,1521212.98869568,1933156.63126528,1509499.89621292,1605010.38815209,1088822.60646946,527776.712881772,472122.462129856,1088579.05121951,1257894.96525465,475384.861458328,573454.972972699,"0.451475346303514"
"693","sp|P05156|CFAI_HUMAN",545856.278140726,932530.187735577,1452682.74634791,1260064.01710997,611544.361472285,654489.848038168,2862937.49107571,383346.937530214,233894.77221733,688952.393709834,789552.625582744,511682.857690952,450071.881620574,"0.469242602053226"
"694","sp|O95834|EMAL2_HUMAN",368209.690208542,352013.948144249,573067.780563391,682168.515027883,388707.743956016,372745.303479897,361216.059074045,286584.606078122,336443.098940675,163959.487254235,174654.797433339,621804.515403523,660177.216996685,"0.456551688037162"
"695","sp|Q15436|SC23A_HUMAN",237646.389029719,180546.013281772,273396.179214708,295992.713794559,227820.133559805,259247.882423004,448661.343851892,617042.164566296,576587.886365417,639884.48680698,608941.676490761,420480.599667047,516955.58438544,"0.611426623121442"
"696","sp|Q9UKG1|DP13A_HUMAN",390630.744590933,518073.70348292,718061.408133754,825395.187695626,370613.894452991,296922.239272455,491496.812452969,255778.093818634,278018.623074484,138558.295421135,154555.972535442,279294.479631772,301550.907630939,"0.782681141862657"
"697","sp|Q15019|SEPT2_HUMAN",4070424.29372791,5985462.36709347,6685330.56410388,7059305.04877688,4736646.52428654,4320556.34025692,4503810.3748501,3041196.76023032,2973568.40848642,4085633.8701585,4594083.46052325,4710403.11810632,5027816.7069615,"0.908806237240529"
"698","sp|Q27J81|INF2_HUMAN",395391.579975854,350862.070840663,477818.451058537,492222.482033215,457449.985384198,587549.233232515,269842.993721949,268327.846528964,366007.844877982,325885.298188142,324325.286550829,327376.291802884,237598.798863208,"0.413632718382461"
"699","sp|O75367|H2AY_HUMAN",3480440.32799486,3974593.40781865,3653909.78117972,4405735.24018025,4646490.64756985,4547234.76564774,2847133.28997408,2255233.62563146,2265435.24086434,5099132.71718433,5948088.64482597,3580515.56728069,3908539.12177158,"0.737289851986949"
"700","sp|P41226|UBA7_HUMAN",440733.473731188,337324.517223077,610709.266167776,641977.065550632,531287.252515572,600091.517715591,400341.032204129,442440.891554736,485927.954408329,582428.820194123,598994.783717325,243832.088799573,249008.511837652,"0.484911340576548"
"701","sp|P51114|FXR1_HUMAN;sp|P51116|FXR2_HUMAN",302546.442940283,288074.773731543,236410.529954399,352708.845706704,309180.568778989,340178.995330607,265138.304523374,1003061.32824878,1003362.25230185,278376.449901841,289556.917663172,513641.623718071,476381.367578367,"0.176002574275921"
"702","sp|P51858|HDGF_HUMAN",626660.958035438,693499.626346264,695531.823018242,513760.618201751,590533.165187719,567364.367004449,468819.542443974,1239941.17983479,1786587.63365165,1073327.732138,1259889.00323576,765734.336692567,719166.601232328,"0.683381618460441"
"703","sp|Q02878|RL6_HUMAN",1100328.55930413,874008.459453659,1042477.21281056,1164378.34563407,2158044.47524006,2143833.98184858,1623477.165697,1921639.18120541,2931513.98355292,2224877.95445252,2339371.86005611,1905343.82913272,1920803.03728036,"0.535853672433315"
"704","sp|P22234|PUR6_HUMAN",301865.097181868,301289.106183253,191254.003245256,175540.562477429,110741.607687481,98798.7786200085,371203.891263739,731976.58634607,571986.999772986,143125.086579472,125276.233021651,518695.264454425,576754.900362931,"0.274356988194667"
"705","sp|P25789|PSA4_HUMAN",1090554.63080886,814961.42161845,728946.519307337,869762.381663432,999969.888305664,880843.903923121,1172347.83359944,724784.722732149,825719.943170312,1458916.14877812,1464947.03216301,645864.78133325,630923.622113655,"0.376450376792674"
"706","sp|Q14258|TRI25_HUMAN",540048.879663271,557616.945476975,635105.221723651,632853.129634482,601305.608702518,571113.707547654,687909.795906084,569549.724601001,528758.287740692,494113.981346437,537415.166837451,456186.535154343,481139.205929855,"0.0595519969702469"
"707","sp|O75533|SF3B1_HUMAN",670136.49897213,604118.189015348,370009.055589041,487893.572234283,532723.829727831,565614.981714251,350877.665030739,811085.420174704,786928.301576503,631320.832787673,644764.880457481,755364.706807083,712096.490495684,"0.199538390015404"
"708","sp|P52565|GDIR1_HUMAN",6887449.66139071,6202529.31614952,7675568.35696964,7586721.71119848,5805121.2295412,5127108.67867165,10174206.6468942,5631883.18883099,5407141.56170479,4617959.68606597,5601839.88538307,8665759.51642806,8736587.44902829,"0.754077310373447"
"709","sp|Q9BT78|CSN4_HUMAN",1063877.44317806,982366.664538546,734460.437023845,709490.799248004,654748.838751271,653361.001753068,1558460.86978012,725986.9777599,695011.473634808,447392.976618956,466985.029551105,584680.563530342,712540.336481613,"0.64748629533005"
"710","sp|O95479|G6PE_HUMAN",208877.666293763,223014.867256077,237098.661288434,180968.844137382,309285.196021561,338196.147256716,111006.618923574,154825.183581587,164267.554204532,271049.987496606,260521.480380977,383426.332189078,362358.815545215,"0.309346009564305"
"711","sp|O15031|PLXB2_HUMAN",251072.977792623,272639.111495233,416342.598674739,440413.480836603,292091.064235855,263568.461650479,360581.747564796,214440.487892493,215223.152453217,341536.044018647,332147.080692402,228931.921981417,261722.375302208,"0.776713183164147"
"712","sp|P46977|STT3A_HUMAN",2226728.89771912,2176946.0736225,1798312.27129904,1773640.07559948,1684489.48915198,1608501.46667886,2691056.4949,2150939.67385735,2054021.19543806,3924986.37429454,4221373.21128431,1629356.81006993,1816966.93479287,"0.713996233398728"
"713","sp|P62191|PRS4_HUMAN",370650.06415345,362720.201717736,284634.132817006,344297.760638295,230833.197485593,220947.979584411,401526.586378529,441744.312295884,483743.026226127,396217.400284596,434561.750526642,425580.118613692,435591.586079938,"0.482784031531038"
"714","sp|Q14789|GOGB1_HUMAN",253603.490299558,212478.375574383,198761.128449179,208835.845893715,120825.559677054,135775.011289409,521117.263011041,188805.208446939,187971.228715292,265683.9510829,225431.827102085,220194.877860031,227876.732152836,"0.511803211232977"
"715","sp|O00232|PSD12_HUMAN",196103.674089776,157578.436457974,207981.488825652,260133.10799605,148365.032794026,122319.074186548,153003.022943511,835772.354614313,556168.117094961,231424.064441917,226470.458530604,405892.506263067,401324.238791808,"0.0680397939011649"
"716","sp|O75746|CMC1_HUMAN",143234.086039492,130373.165383333,179654.491921495,202561.642546279,229867.581792083,211940.338101365,145199.055157813,354659.411861782,413470.838964696,377901.970536083,380767.331901814,288859.59209245,338070.919101963,"0.559505279573356"
"717","sp|O43815|STRN_HUMAN",41738.4509973884,47794.2363491238,48056.6300321399,83601.4792557629,97084.0641590827,105139.860531149,36253.8740299059,203446.697402134,184185.675875972,158009.895180377,161465.313337646,97431.1329435332,106194.589752966,"0.624566506680662"
"718","sp|P50897|PPT1_HUMAN",5762278.86326615,6332115.05659696,764169.223630171,794351.733007308,1191125.11329887,1163997.58256329,751040.363473993,1880861.77960322,1487668.51636927,723938.863172905,767248.691968561,1455809.60242737,1418045.24714567,"0.555439300212361"
"719","sp|Q14651|PLSI_HUMAN",818125.907347848,698175.719921829,342601.898862398,357039.328355503,678111.664298487,790803.756190618,291543.886953992,778102.586119068,825406.645491001,687448.444028345,672121.667281624,716236.833649237,705703.323900345,"0.802335887582386"
"720","sp|O00425|IF2B3_HUMAN",14289.6616971443,20443.9892617827,89590.2972288846,67010.800218873,41083.8314583957,44674.0905715596,22881.8028294036,902598.904188623,963733.549400714,99758.1971928777,90443.7412280456,594185.633697564,607688.188947942,"0.0656102376758204"
"721","sp|P33527|MRP1_HUMAN;sp|O15438|MRP3_HUMAN",34865.2043275353,21737.2318944337,27634.1946241789,19640.2492040204,24952.6652149139,21116.169463368,43636.9508481384,140032.269248439,120266.170208966,88782.3286425962,130035.377702952,374373.048572835,403365.188450753,"0.156503307101628"
"722","sp|P07988|PSPB_HUMAN",24333239.7739141,19522631.7914877,11428743.5198256,12755057.8659083,13312803.9616124,12373592.5462066,12810587.9691436,6352560.84565787,6847595.01572064,5432877.58650215,5185142.42737845,4326713.21919272,4350862.5719348,"0.501208495338162"
"723","sp|P11166|GTR1_HUMAN",10828436.3134056,10898922.730323,6037212.22925025,6395065.09543793,2323392.82158445,2255859.77403037,23464938.5606341,14465573.6076958,12152754.4607599,1138636.59132658,1786492.96401844,3020852.76281715,3096948.82683031,"0.730384419743888"
"724","sp|P05387|RLA2_HUMAN",9252609.73484553,10745466.5988414,8830851.74835919,8450129.26035891,11295712.4522772,10900545.8145153,9576785.9326449,12739567.6658685,13640846.8437101,17296131.775728,15433384.3604998,15517755.4131386,13538375.9706316,"0.53453811470273"
"725","sp|P29590|PML_HUMAN",453000.022384464,521165.738442632,360641.340094997,413358.987346576,430317.32392214,495482.737177697,433720.390502114,658231.716004089,656740.249693287,700620.485538104,665234.549149864,443838.706511142,523237.569769127,"0.781308144907853"
"726","sp|Q9UQ80|PA2G4_HUMAN",766022.2916159,732869.591019065,699718.533394123,640739.116136629,571206.564056635,559424.975770523,691111.97975345,892725.911026262,974498.551067752,883193.123192086,863298.991866442,525161.949378818,590512.897335771,"0.658256298033173"
"727","sp|Q2VIR3|IF2GL_HUMAN",4507.03899809652,2918.324311953,7692.09190747772,24438.8155563669,16273.4113652674,10986.4857569982,10206.1246404849,2670.36526142602,2763.80399283157,9877.48148106863,13230.1791329505,16464.9134564075,27719.1859485821,"0.454415803167417"
"728","sp|P05534|1A24_HUMAN",48535655.6780759,58025600.0469218,52455476.6650878,58662477.0006678,65152055.7515275,68742180.8122588,28021237.3102717,46026825.1153958,48032315.2496701,41597196.9206259,45423256.2428346,41582210.3927827,41482117.5060733,"0.211820511147712"
"729","sp|O60749|SNX2_HUMAN",833848.578391813,948917.949201726,1244973.51400591,1203443.31135845,1005990.89022344,963392.006251926,1010019.30319371,779628.176141243,663201.103203183,951534.32463707,915223.543294751,727559.779036773,639256.807841025,"0.270749485984768"
"730","sp|O43242|PSMD3_HUMAN",1108939.27508011,1134143.4026991,773755.847206005,915060.368315665,1232936.30488955,1202803.23301768,1383336.89265805,1707305.91756909,1592902.26039391,1485850.50674554,1629503.4506141,1382293.99297895,1430099.40762407,"0.695452500141806"
"731","sp|P46063|RECQ1_HUMAN",121570.22390149,144483.123730981,276454.962378955,157217.597836426,354932.358208966,292342.924394918,89173.7846884995,344915.732379635,405888.296800062,916655.407104856,1029849.7258365,520033.634785065,512169.62282557,"0.861469349880748"
"732","sp|Q1KMD3|HNRL2_HUMAN",1601622.63328307,1404563.63192412,2023409.66639331,1823984.57471022,2695438.88368596,2670110.91473837,1093565.71802413,2031022.16040437,1920695.1524691,2828418.25364473,3172693.25089613,2690470.40112762,2875262.79212582,"0.761311803452575"
"733","sp|P62195|PRS8_HUMAN;sp|Q8NB90|SPAT5_HUMAN",653186.069458837,445527.900381296,302203.320305828,313509.860564282,382938.155248743,396040.558751142,476910.897975953,527394.915353803,441255.449097904,349605.470844777,364965.817567164,418828.854177365,384448.14315446,"0.564344474049667"
"734","sp|P56192|SYMC_HUMAN",545782.082952883,481473.470167649,421036.929120736,523384.281011668,621510.612037251,502826.957922729,795369.902578219,673796.376497329,507934.0917495,577164.95644133,673889.121345596,814063.062551109,695005.443262007,"0.640043900590363"
"735","sp|O75131|CPNE3_HUMAN",11167272.0670242,10190986.6667054,9559755.55708757,8936057.36822412,11799985.329611,11096952.0454075,10115523.9224464,13397093.7389456,8260889.34195148,6848986.78463717,7021209.77029254,4395495.88838486,5784068.12116973,"0.412040782348749"
"736","Int_P06396ups|GELS_HUMAN_UPS",102499.80705372,66221.1376820253,171865.182111447,135002.863490095,34549.7723104434,62692.8199759879,173207.935011305,120680.2103283,179122.796535689,62287.7236407861,54428.9790679984,971482.646839865,1274732.79557376,"0.169169144005267"
"737","sp|Q8IWL2|SFTA1_HUMAN",1287899.22294102,1173616.22547569,1538337.79717586,1796365.23429,3259449.96938242,2375780.22268629,1358570.48380997,311966.262265427,231258.347216212,510368.692532032,630027.799188552,208821.065001544,191416.374367679,"0.300963921990518"
"738","sp|Q13283|G3BP1_HUMAN",818598.143447907,746852.467256017,1080781.47365813,895279.642633115,903083.632272792,993296.836153113,634582.744346736,1300319.63093323,1310354.37327476,963833.189700434,1224993.00753769,1002630.95562565,901122.30891994,"0.823529735352823"
"739","sp|GSTP1_HUMAN|",12209342.8719557,14370826.1798451,15515000.1403781,17991842.1728852,13917931.414413,12668201.8925448,484445.371284005,14383382.8485612,15955657.2171882,5784705.56072669,5505842.46946743,13435286.0719815,14005216.5213431,"0.656661280365554"
"740","sp|Q9BWM7|SFXN3_HUMAN",1647481.44289141,1538302.73094091,1797418.81268,1884309.47071311,2002465.98121078,1976556.48114522,986144.323716507,1383653.20243727,1659600.36820327,1488789.60469073,1577279.837465,1296756.74751081,1179895.89501795,"0.13314407366375"
"741","sp|P56199|ITA1_HUMAN",246175.441537249,209369.191067233,668925.722298179,687779.489179483,370981.706147844,361992.233408378,433618.237145072,44590.0907585469,47054.1592808511,135572.529572069,120261.989141049,73884.4558807164,71470.5449587702,"0.365104163000671"
"742","sp|O75534|CSDE1_HUMAN",168730.381544056,153433.146022943,155002.837194592,142061.425823532,151043.929808774,174939.232154072,129744.193272586,367662.679290779,243048.977206422,161670.288433693,167923.751154718,230629.624613696,268249.203749228,"0.0951019514744013"
"743","sp|Q12905|ILF2_HUMAN",1384160.06446354,1372952.29639935,1060280.8660845,1119224.07585162,1140250.89759122,1417831.85130203,1097387.64894398,1442721.24105791,1207980.47660696,2028546.67507703,2194236.31703756,1499797.37190548,1419437.02020588,"0.822323397205865"
"744","sp|Q15008|PSMD6_HUMAN",834425.740075897,601233.079717374,577212.796666704,599135.388238885,635414.090688436,545286.86836934,778227.341571946,909391.909609939,891904.125378415,878734.813458726,690522.934510283,736511.020916359,817367.208667645,"0.678911688528114"
"745","sp|O95340|PAPS2_HUMAN",419919.158215814,374810.341720201,514631.144268948,479196.273696547,359797.99461786,332691.496043733,158482.774599723,239284.667555519,190581.015043975,179533.341920202,178190.936899824,146336.934232378,144785.646559335,"0.473249550843373"
"746","sp|P31949|S10AB_HUMAN",9377671.06824172,13252808.9600206,14530972.8395304,13758666.2918384,14825622.5936138,15417889.1250352,7254194.1988416,41095379.5673177,39599791.7462857,17469093.0934853,17450247.0894287,15114696.8309792,15672504.2024553,"0.286381842198421"
"747","sp|P09211|GSTP1_HUMAN",199128.579812295,169562.129039447,280080.249767232,146743.941785143,100285.975403077,83821.3287000929,47148.9687058529,267375.557435061,233070.507760454,95893.1024903833,99799.6807699704,685654.199445874,543459.578591698,"0.221516888897473"
"748","sp|P09651|ROA1_HUMAN;sp|Q32P51|RA1L2_HUMAN",2551336.79934019,2955651.57851537,2218229.96574555,2310392.58699488,3086349.16277887,2876130.30163123,2088495.86810022,5921746.97220149,5903169.64355979,3614174.16590082,3376886.84281189,4259510.51814619,4062860.9453363,"0.112604880441289"
"749","sp|P26447|S10A4_HUMAN",6133529.1296728,5815658.69822382,4839009.54964333,5074417.91154736,7900160.1833525,7117492.90677942,11162204.2911457,1534382.45424915,1730993.09250127,1713755.00900622,1626361.88263059,2415055.99664428,2815862.33191009,"0.566925800249204"
"750","sp|P20742|PZP_HUMAN",31791.8947543872,52898.6739281031,98491.0016289553,114807.910067922,1687.16014755817,1337.6275825666,7790.61503507286,2774.00028906224,2163.22360661669,2693.04169659653,1683.91735739509,2267.0554245444,2545.38911011445,"0.512635323137555"
"751","sp|P61916|NPC2_HUMAN",2425453.12148936,5578030.72757163,2799958.41369421,1701372.61961161,2827808.03397207,2820075.53320496,1799797.10426326,1699068.18517521,1862344.43274447,1259991.43638059,1225228.14304049,2212203.39101702,1971608.69352381,"0.876872740541642"
"752","sp|P39019|RS19_HUMAN",1290886.78590568,1361602.99743204,1521838.32299277,1946228.86424614,1389263.52109908,1385501.12506146,1046530.41635113,3388296.72691048,3187745.26276525,2362055.78514665,2614451.17838005,2630830.3211746,2230439.48819932,"0.49929296084259"
"753","sp|P30043|BLVRB_HUMAN",13344034.7147271,12229563.3719618,10508574.9917152,8860485.52143126,4505080.2496867,4681225.66044572,22601487.4224391,1821317.2844395,1878160.79542071,1637112.83179778,1644941.08529358,1909066.24509533,2102919.71492444,"0.510458437009173"
"754","sp|P04899|GNAI2_HUMAN",26295597.8201975,27250340.2089516,30438952.6563608,26156207.5286483,26524753.3477581,29657340.8647173,51486175.8709058,18657302.3235622,19758559.9736164,25511794.3691988,22010110.6504855,16995636.8810566,19207154.0864133,"0.312241454627689"
"755","sp|P40121|CAPG_HUMAN",21585938.5091173,22911977.588621,12303782.9065319,9676954.41510893,10085457.5466761,11784373.8535301,8235634.59335017,12164232.351926,12152754.4607599,10550640.3831941,10785831.1155765,6225105.91949868,5666044.55427905,"0.404712409786376"
"756","sp|P18085|ARF4_HUMAN",3862084.10474393,3714866.62599853,5217565.79191704,6086496.82722415,3796444.51061605,3476926.989404,5862466.49452289,4447332.08018581,4421940.40633705,4477940.561863,4215701.10843413,4457802.97943369,4827999.36435284,"0.184836145500296"
"757","sp|P00568|KAD1_HUMAN;sp|Q9Y6K8|KAD5_HUMAN",52722019.5101472,51246908.4526553,40782286.0832796,44299241.6525662,19868351.3669519,18756795.050202,88620010.6804529,3918256.31778088,3915829.26595104,4597549.35981983,4875318.57887048,4140015.24251603,4629228.61556885,"0.494144512182551"
"758","sp|P06454|PTMA_HUMAN",2020905.56506161,1951184.1117716,1417157.28113024,1578099.46884891,2350519.75037159,2382513.98379758,2065987.08295672,2696606.39550477,2991345.63876286,3050625.22935391,2652398.31207515,2446919.56983115,2277330.78379465,"0.454895791312558"
"759","sp|P31942|HNRH3_HUMAN",1787070.09066417,2047534.6933245,2011272.23893254,1918406.82531294,1248596.04928374,1262825.41516422,1678629.94894682,1256978.53763783,1331906.72114269,1128615.13993197,1057218.36015076,1645764.80970642,1647608.70128498,"0.897881534672838"
"760","sp|Q92599|SEPT8_HUMAN",166923.973661597,161034.671265561,144782.003101434,157950.842210483,173127.320666311,200559.71967918,242494.585503667,232220.520080026,238482.172807197,192755.058525786,173142.989839986,116677.147593902,136621.421831515,"0.947835948512839"
"761","sp|P30838|AL3A1_HUMAN",3985442.81780484,4887687.2287141,387727.980412884,368967.585884298,410353.572497726,348427.785987479,1026482.10429415,655428.09427968,611813.050840448,226729.634663046,207249.471732438,1966378.56634585,2133644.17019199,"0.672250683751725"
"762","sp|Q03591|FHR1_HUMAN;sp|Q9BXR6|FHR5_HUMAN",342080.466598111,306522.250264352,1315670.90442858,2046268.91939923,549640.525906323,655670.466612918,1942087.23597901,232470.74425724,252440.131476339,1131449.04712773,940724.48906269,96682.9168239523,76908.8959807329,"0.737094656208034"
"763","sp|P36542|ATPG_HUMAN",1112340.2837293,1550077.00913181,1167402.74402292,1450995.25148053,1297911.85000582,1164566.86700556,1233612.79343366,1195334.2822742,1483515.63247217,1000280.9710263,842758.854779517,1186097.48602924,1239772.05841879,"0.405876287211778"
"764","sp|P62942|FKB1A_HUMAN",2925819.31801442,1612102.78965412,3748418.05990148,3177650.0879964,2556951.68104033,2668349.43170817,2136070.38540437,1412974.26590163,1484645.23099929,2127164.42224489,1906904.95750033,1197403.91676314,1485283.45401931,"0.352063976880843"
"765","sp|P30086|PEBP1_HUMAN",15175568.8912582,15862138.3305838,16844857.2952676,15270387.0542976,14119640.5653465,12471795.6616527,10904521.8995439,4620294.36055747,4243235.53013047,8026899.09559031,8716067.22775645,6467319.92438041,6665174.42006212,"0.347234461289883"
"766","sp|P26599|PTBP1_HUMAN",1894381.76078314,2042658.62183936,1521838.67023325,1602946.52039276,1675993.58544105,1871093.09447656,1485258.68173885,2451638.0946007,2296114.31725291,1568266.80901947,1550226.45984079,2951759.46846751,3555545.82439981,"0.182666005465335"
"767","sp|Q13510|ASAH1_HUMAN",20931819.1603562,22234108.4291943,5098344.00341357,4630683.13800637,5538850.46285713,5400703.33410905,3837049.1906748,5300985.72156461,4198519.44942415,2934585.93788843,3228400.22712472,2987982.30495561,3211591.11362933,"0.502959061186747"
"768","sp|P51148|RAB5C_HUMAN",2884757.08578799,2870068.97431898,2279629.65528918,2225592.07724999,1954197.40397306,1798787.78154767,2090771.1618148,1933069.98678392,1869056.35935068,857536.631373506,1075000.42851153,1952872.98551361,2086697.53265012,"0.728824163803346"
"769","sp|P50502|F10A1_HUMAN;sp|Q8NFI4|F10A5_HUMAN;sp|Q8IZP2|ST134_HUMAN",9970783.64626449,9981201.68506656,11392313.0361317,11208642.5497142,6604934.36904998,5424284.77849691,28476867.1852355,3738015.1415895,3713859.99737697,5032187.15790846,4778683.31784025,5283089.73352471,5303875.49721316,"0.504146590888793"
"770","sp|O75396|SC22B_HUMAN",2375973.47739784,2357207.18798673,2172384.01803646,2191498.54327077,1739302.39372352,1646824.40757552,2183346.19312939,1541382.77435368,1675933.19070209,2724395.11850951,2594286.59884657,1938788.4298375,1960873.22555199,"0.242288444250212"
"771","sp|P09871|C1S_HUMAN;sp|P48740|MASP1_HUMAN",2854328.35244361,2929257.18233828,3064196.44236358,3348664.24422337,1486063.45317945,1902184.91476344,7168230.98190911,782124.725874548,885642.803893092,1621535.81531245,1754531.80261278,890756.070803818,953876.00474946,"0.273291516051943"
"772","sp|Q15417|CNN3_HUMAN",512804.611243327,646887.29415234,999756.050701688,774314.976909385,499913.100648135,453036.337712114,464088.134426085,582361.023594378,505674.21116481,1091075.05426645,947289.418459505,387224.865227518,345128.925863575,"0.803538529388391"
"773","sp|Q07960|RHG01_HUMAN",253670.346529956,281652.405552241,313271.019093634,310321.460595518,455433.297091456,377249.898945797,265679.506928599,443611.511934632,440116.904820745,658234.749494718,620001.300317067,234175.615251606,247411.967973147,"0.989448096789661"
"774","sp|P20674|COX5A_HUMAN",2231223.29681844,2084717.75949207,1153304.91812836,1494533.88694689,1201375.39646968,1288399.11990356,1427058.70853438,2052985.11341726,2141169.02508937,1070840.88047438,1049712.35120497,1274569.51523402,1302291.77913178,"0.725901683099198"
"775","sp|P60903|S10AA_HUMAN",6442435.73621609,6449229.88085279,9769098.23494597,10474473.0563004,13716222.2634795,12962811.2388831,4864315.05193811,3999844.70823898,4295113.18191758,4439138.89115692,4379500.79209725,5024825.96747431,4736540.55736847,"0.565401115077388"
"776","sp|P62244|RS15A_HUMAN",815471.75555644,945489.498624097,970990.469272039,935994.86729348,1140373.36429366,716744.338428003,709533.521384353,3001705.09990576,3112032.03253726,1718509.94653473,1502404.18747295,2177401.12039469,2156764.94198313,"0.133595179613729"
"777","sp|P15880|RS2_HUMAN",349520.179616647,323316.776067488,373763.152202532,334226.774820799,313013.009969844,342094.878503669,425265.768105273,1105277.12119829,1144642.2193287,635817.458122872,644168.1493527,1150574.32901037,1193350.31171628,"0.110903889732537"
"778","sp|P30048|PRDX3_HUMAN",10603361.239662,9516377.56309106,5739893.09511728,6846763.34861318,6619805.37216837,6827489.03122749,3772469.75450456,6579256.03507907,6340053.41428951,5811431.7597482,6015037.21228686,7120701.61815019,7069299.76791602,"0.569217682093409"
"779","sp|P62888|RL30_HUMAN",1449771.72814161,2141365.42507238,2491241.78757669,1308120.51648157,1659865.41793692,1235679.54139657,1495799.29593923,1975962.30127439,2263784.04694248,1844389.3723158,1919898.8595774,2012943.5071771,2332151.46017884,"0.318068326533731"
"780","sp|P55884|EIF3B_HUMAN",560449.511133028,503506.754570984,758413.567730809,566822.713256525,594891.021703126,526635.756664091,948370.122760117,1210441.61201402,946641.714634629,789917.786527291,776489.5363451,1062947.1408232,1143252.14565829,"0.168218722512904"
"781","sp|P16435|NCPR_HUMAN",660265.396468764,625350.282234558,790755.53075634,796881.290161119,775865.595844071,819837.808657614,482216.182756476,583065.012596739,537368.034862377,418740.479208896,469332.156621035,467899.267748456,506700.151412199,"0.534619062434845"
"782","sp|Q13596|SNX1_HUMAN",1003749.25676771,1140737.7931927,1433580.94399875,1218544.07525573,1303627.28283171,1077563.20408866,1440440.13787132,610726.032230821,769119.295567379,1083018.77206807,1282394.82717673,745119.662329345,762630.298817299,"0.331641784731664"
"783","sp|Q8IWL1|SFPA2_HUMAN",4543700.97600502,4978831.19351087,6347909.81945141,6866559.01508433,7210604.64033808,6208758.18902839,7275247.73907049,965688.744596343,1116993.29916332,1737899.6427465,1554963.05056002,591696.703019344,621484.954827699,"0.416445944345313"
"784","sp|P07203|GPX1_HUMAN",4726130.56742686,4745774.49725497,2669911.72241327,2882052.42606977,3121148.43395895,3117183.13537517,4153530.5492962,1927504.76829216,2023359.55122503,2970501.96261495,4091771.5081743,2191742.57083225,2111666.6975787,"0.0260960506256098"
"785","sp|P55327|TPD52_HUMAN",672960.669464668,549465.686648529,365772.926982475,418305.248202148,460952.177662559,420828.229943757,520252.182715831,1653535.33802892,1504789.98980203,1138794.09682098,1155575.83341867,1336358.17755566,1397572.78843806,"0.335018186832995"
"786","sp|O75955|FLOT1_HUMAN",695862.860810745,636619.060513764,570618.277365133,613057.625089911,596247.984212657,548749.110336883,1354052.2836914,335394.094931873,326421.287894664,201717.472614685,202164.770944643,283467.52294888,268526.383056839,"0.577742188714015"
"787","sp|Q9UBT2|SAE2_HUMAN",253253.487519843,198264.294164863,132655.504569301,151427.222188378,204886.356084301,265214.867618508,116440.553441946,282501.602914832,337499.825914497,121662.965869278,204072.045771091,304215.772471288,340082.466342726,"0.535642746554955"
"788","sp|P18124|RL7_HUMAN",1647363.96959756,1487278.26254144,1695381.05267344,1519075.39664239,1606370.18041094,1525720.24999101,445169.091901599,2440368.12236539,3013082.93005901,2988765.1781955,2681981.87994557,2095108.91099151,2462077.83850829,"0.514578286970267"
"789","sp|P12268|IMDH2_HUMAN",713502.244406246,650077.799775496,705405.873792629,675614.080423047,768757.648463967,687485.883396744,714082.212026339,2161862.86108837,1874532.53683978,1602298.0751312,1891155.75962028,1493946.37266933,1274675.24213684,"0.678647428739663"
"790","sp|Q9UHB6|LIMA1_HUMAN",187965.945996989,118824.522110753,164778.229265182,153708.326365017,186601.932683165,168997.030282407,178735.151066826,261499.656640905,254729.681150929,239717.935040919,248412.184205746,172140.458759339,175568.683313398,"0.998510684542224"
"791","sp|P55209|NP1L1_HUMAN",1132231.8677477,1060530.8793359,660048.278739905,639695.747890959,1193909.26436737,1198702.9377158,287220.738567672,1014690.31629525,1158641.53522669,1293891.11871061,1350779.95860701,2087969.80235967,1834183.37273081,"0.206684906613283"
"792","sp|Q99733|NP1L4_HUMAN",409817.591543009,451701.999387679,256300.71802222,240889.032851972,628254.563051092,625458.296215304,248146.984614352,799877.963052696,738571.298871094,613545.096660417,683120.261192512,1169496.87007045,1032801.28470583,"0.204547204133742"
"793","sp|O95865|DDAH2_HUMAN",1791712.95523207,2109827.67766781,2428218.93644979,2555522.74457517,3381619.49373388,3061846.11387907,1513719.50779089,653356.040173714,797854.700999349,1003302.93646845,1251533.45926336,938633.766719517,1062818.84200852,"0.29284135134958"
"794","sp|P05452|TETN_HUMAN",1218312.39473891,927205.831071697,2599148.38599968,2470065.70192597,1847280.96323933,1999500.0599631,1855676.65042463,473815.668421539,483909.726716471,1565198.93791398,1663299.31170701,344440.628675741,311195.052050938,"0.20046848053467"
"795","sp|O43143|DHX15_HUMAN",886425.900422468,914846.816571901,850315.798380521,798658.081187348,1494243.31495851,1491135.34488772,839957.159380805,1847238.27318281,1668333.25819384,1430225.75519741,1471217.95558775,1837914.02943042,2247348.39892597,"0.268169619065168"
"796","sp|Q9UHD8|SEPT9_HUMAN",810585.938764965,748342.549616527,387835.007021186,531642.290277334,699914.041531038,742877.729629931,678356.113376529,404466.423575917,312702.331660475,447696.631573002,484379.983471924,730589.584505916,856077.234319659,"0.715613838097573"
"797","sp|P07358|CO8B_HUMAN",303893.490015471,238671.720639437,619299.236573545,707468.262336486,337324.517223077,330940.075297561,781612.484506863,142687.086986967,156519.861645787,507798.353737541,591545.710017163,258226.940401511,268874.715466837,"0.645421491272348"
"798","sp|P15259|PGAM2_HUMAN",3625998.30410634,9431271.25959234,5416364.6825467,5146968.64077468,8207376.97981398,7907067.12068341,5930517.25624671,5212249.17037398,5136043.23760458,12020811.584131,14030349.4186362,6316400.14138399,6162151.90265782,"0.988563219381096"
"799","sp|P07108|ACBP_HUMAN",2475552.98061556,2427584.9225682,2426009.9491479,2344324.51189764,2254572.85637598,2072029.41740769,1320420.48958438,1397355.07266161,1444607.21092715,651812.901936281,799355.515848059,867263.493674604,1055554.89574064,"0.567462853911072"
"800","sp|P09488|GSTM1_HUMAN",262723.374408146,299576.149119849,856326.534180762,604352.901515461,248384.821929408,303300.483010136,9826.20315730818,2335861.9877494,2214194.58190267,249733.666777712,263157.298814304,4838920.28305258,3690632.85091528,"0.0953625909259238"
"801","sp|P38919|IF4A3_HUMAN",320612.956397087,198887.845261823,276918.500787387,265570.950883795,250513.339086538,258354.781063798,395408.665212664,505070.896692221,461035.652796528,312395.95161714,296123.938108188,551290.326090771,654256.572068101,"0.099780454915735"
"802","sp|P17174|AATC_HUMAN",1073615.14340403,966773.137149764,795158.034540792,723030.552666803,781402.776377038,792630.387462207,1310169.82661787,571412.952946649,679193.498527793,523512.318140416,605966.368235552,616340.677648814,685168.215857745,"0.521289897580039"
"803","sp|Q53GQ0|DHB12_HUMAN",1293913.53022687,1328977.02843402,1207667.6952818,1189921.65591857,842582.965941821,866195.294205901,687156.311213629,1069702.69875513,1033566.08902684,523515.045048552,528767.985303655,1114896.47877944,1129473.35280628,"0.926306770707228"
"804","sp|P46060|RAGP1_HUMAN",347046.72881863,376034.164395874,416408.832653623,489509.401739179,440680.254896495,467365.32191957,325545.93432656,759219.852214212,803239.514824462,714769.52854112,666556.00287124,589098.791010505,663805.462675591,"0.455144736162406"
"805","sp|Q9Y6C9|MTCH2_HUMAN",448202.380227084,463162.797392528,373062.213014237,333277.458249724,519263.826697943,503671.864826389,403698.781759704,844974.117216419,782310.0796172,425845.793359727,502890.570009561,731969.221787961,753449.568605136,"0.0913936641596726"
"806","sp|Q03518|TAP1_HUMAN",620522.696179589,758426.886435597,753332.818474886,765788.552793251,1109651.04250643,1088573.18058081,449905.702984844,1646187.12170103,1795210.77848242,779420.860578536,781709.85878717,1335578.99746815,1375911.06343124,"0.0597576026997051"
"807","sp|P20339|RAB5A_HUMAN",1892819.58902971,1949946.90836544,1652741.27678812,1564785.37712782,999601.016528368,1062700.70464709,1173736.58935766,1556965.95817831,1492409.82423659,541600.332208215,583878.54795181,1461971.09515524,1625289.86752494,"0.907622794764478"
"808","sp|O00571|DDX3X_HUMAN;sp|Q9NQI0|DDX4_HUMAN",960252.076385545,1194871.09360735,937821.252497261,1034292.45078369,1460219.30684877,1029098.57311381,1192417.35112643,1371952.03282231,1456277.28939602,2038657.61492783,1973213.61650838,1185642.4758829,1257766.13800482,"0.8591740138251"
"809","sp|Q13148|TADBP_HUMAN",577048.967415141,355902.63514062,520078.464068996,583515.236748907,288846.576173854,390495.920015175,473626.711686211,685614.701066934,869653.187581007,597226.306160454,636886.194301292,925674.385350777,971544.745156445,"0.0673919820185463"
"810","sp|Q08945|SSRP1_HUMAN",405068.992507097,409797.463896463,383366.741209376,326155.43348794,445248.131181563,367608.826352658,737147.561136295,503205.353361652,497450.382697519,570003.029197336,666620.804144582,560273.37305437,500803.453069664,"0.888958632255794"
"811","sp|P52789|HXK2_HUMAN",250615.203617245,196322.407400085,44689.7277569384,29753.5511388236,49122.6040704774,63850.79555398,38814.9275935657,478025.072424539,431268.870127151,64102.3914717091,170029.771142063,259756.695105894,269697.893409161,"0.711445563243397"
"812","sp|Q6PGP7|TTC37_HUMAN",242246.9383553,2641659.15927395,4175588.99031648,1073493.29785499,701533.12911639,684582.910724948,315166.746601473,169711.384426352,210155.13861551,254961.224739178,208813.541675858,398728.290440387,333963.735566464,"0.229281710245225"
"813","sp|Q02790|FKBP4_HUMAN",186517.894521624,258859.381528307,247310.394415496,238041.237505727,246789.218836227,178875.692055948,1605615.27082429,892838.906060013,805515.042452543,353005.184496748,302568.297434205,512297.794294817,520848.62736003,"0.0638903938694889"
"814","sp|P15090|FABP4_HUMAN;sp|P02689|MYP2_HUMAN",1377958.67420346,1468132.26976805,1413967.40345514,1871844.30667787,1535045.72782046,1336504.5012954,797501.278762341,405958.805736916,615911.255775,596869.317286868,451970.030999477,459895.241012105,479828.666259966,"0.550673761298692"
"815","sp|A6NIZ1|RP1BL_HUMAN;sp|P61224|RAP1B_HUMAN",1443262.83899215,1644468.13124657,1196213.35456359,2134603.56367829,1915192.15812464,2079261.95116031,1860337.00296352,1432870.28405998,1343797.61433338,1522593.33154089,1968914.54557473,1389092.13957732,1133106.95421336,"0.52972087314974"
"816","sp|Q02809|PLOD1_HUMAN",298292.292458451,377815.954056186,279208.55928444,226832.522580426,244203.631365301,252436.337570056,202588.944050998,1214485.44010264,1171030.13083548,896426.726564232,854984.458956151,596736.142591144,521594.022530615,"0.552980045713195"
"817","sp|Q99459|CDC5L_HUMAN",153508.669111578,147625.068298867,186776.717160127,195512.32085322,173505.317765595,190572.497798622,56957.6633124458,349316.974052756,349202.066524032,310730.628074897,310933.877666303,208817.167021996,232310.397492975,"0.63766435191135"
"818","sp|Q16678|CP1B1_HUMAN",803459.90370882,704177.628773516,188856.3646238,132188.686959294,157216.798848854,127014.200194538,218775.319335975,463845.770874725,428726.196682268,296930.782902909,333885.916614216,278824.618053029,281949.221459873,"0.48539479566257"
"819","sp|SYH_HUMAN|;Int_P12081ups|SYHC_HUMAN_UPS;sp|P49590|SYHM_HUMAN",641301.966073439,682565.438996772,844143.791541915,597117.912024352,647004.048381729,646486.562714833,477404.70690066,793442.637924895,748519.839803056,1186899.98033477,1283682.51773913,663855.026597866,564720.375264789,"0.861502182690638"
"820","sp|Q15424|SAFB1_HUMAN;sp|Q14151|SAFB2_HUMAN",364683.95041886,353369.40230035,199969.428237683,163281.787248321,408176.268855951,426330.245286919,659707.592888964,319080.734074257,344327.724189735,435006.834842248,534106.223537482,544529.526027331,439583.286268035,"0.926363558601302"
"821","sp|P04196|HRG_HUMAN",5520634.53301501,4626988.32557835,2878808.54201859,3431846.97590149,3027414.7613485,3362167.02313588,2518687.67632052,833594.1647044,924426.264533682,1807878.92191567,1912167.16719983,2192565.32491131,2158830.35128589,"0.478813668429789"
"822","sp|Q9UKV8|AGO2_HUMAN",964938.226123935,853469.888477357,590245.232621144,511508.435684618,534878.052598301,495986.512089311,1213397.99285347,270286.172295226,313061.221514215,383006.964821521,372347.977987948,238589.048081228,260602.268629541,"0.441291849471923"
"823","sp|O94874|UFL1_HUMAN",505970.137196977,378376.926170382,341197.724856836,398865.902152057,372958.516844011,356621.234376845,319786.084478091,1095333.00919395,991867.940691514,764640.644280899,732102.693946369,1164482.34972985,1207841.65930681,"0.109366559835236"
"824","sp|P20020|AT2B1_HUMAN;sp|P23634|AT2B4_HUMAN;sp|Q16720|AT2B3_HUMAN;sp|Q01814|AT2B2_HUMAN",1809399.93556034,2736960.98640275,2629349.33412103,2323038.82002259,2178052.13904919,2169946.68126128,3147250.80870917,1300962.09061825,1176096.42319832,1260343.82171574,1267317.9417184,1160924.59596157,1617778.38972569,"0.53071776344157"
"825","sp|P10643|CO7_HUMAN",1321021.40364257,1128979.89571003,2327287.90277658,1616689.76895494,1125679.43659615,1174912.72037872,2353567.73313086,328792.043301255,314368.579538245,915375.406007986,1022573.3621424,541632.541796296,609296.324196555,"0.098718491340071"
"826","sp|Q02978|M2OM_HUMAN",454900.160990765,484339.875157481,953193.643336968,995982.858189703,823910.140073142,747765.976287179,772223.602164007,1186357.74454363,1169331.61144225,946468.106895383,1025501.38119259,973719.652872008,788719.390218091,"0.551302967977049"
"827","sp|Q92900|RENT1_HUMAN",280354.464686072,432571.305985645,310513.207427539,336033.799852668,526217.91749839,507675.592389299,241380.245367464,588121.900558085,605012.86497897,487594.976054015,578221.411187666,439461.077576902,427935.493149241,"0.691586809032101"
"828","sp|Q07866|KLC1_HUMAN",58960.2890191085,79830.5433697886,144694.946692056,147893.414395123,147034.760439347,176831.034351977,36735.9123035485,167519.508357801,199998.37296732,155112.575003721,149246.456706806,84703.7058773004,112004.769136461,"0.56619405798065"
"829","sp|Q7L014|DDX46_HUMAN",235594.565248571,289518.569830109,209924.066139228,207856.190843361,252833.577765992,238762.710675092,249912.498210216,377524.48283881,315965.04299303,320043.270065952,377604.987426126,582551.538638947,519687.513146623,"0.30678335707991"
"830","sp|Q13435|SF3B2_HUMAN",1232539.64560075,1342000.19405506,1008319.51587226,1314112.50402605,993217.071065239,1088284.37012844,1778432.57477448,1195514.31784445,1135581.46703729,1075240.0953791,1359306.1239049,979135.551040485,941855.815591024,"0.115503594642018"
"831","sp|P11177|ODPB_HUMAN",2044989.35642188,1614324.72003079,965154.540091808,1028839.79123593,1562150.10350743,1713283.83634658,332783.056060317,1465930.65391892,1394013.07354249,1340616.44487661,1290362.4056808,1533362.26410058,1522811.28067113,"0.625282902592571"
"832","sp|Q08188|TGM3_HUMAN",10538.4205729202,19473.4231000236,61543.6722173407,33503.9681326703,26533.6653824901,50114.0658608503,128072.914983889,152437.420797356,174396.191765156,49716.0945666161,76699.7630353063,2331187.41639334,1811958.85943563,"0.159889848292329"
"833","sp|Q9H9B4|SFXN1_HUMAN",452823.212354608,485878.161065065,446403.715567014,420285.576100736,472620.908628857,401038.08838854,710905.097618138,1009143.43456185,829250.169862612,652276.9487632,724617.3574051,842637.056997338,827163.480817308,"0.389346335000007"
"834","sp|Q92608|DOCK2_HUMAN",86281.5200227076,153642.217276144,105496.419662302,133530.160979583,165610.845187274,156504.122129371,78831.1963443794,219352.442066424,231273.569987931,220571.753057472,259498.288913545,216276.481984075,242279.139215693,"0.608595231013582"
"835","sp|Q12802|AKP13_HUMAN",166965.934894524,269239.041130129,352723.210864165,310709.07366826,152902.730969605,151772.674422493,164386.686185502,423472.231485125,525802.510673731,212900.923976738,205906.86576859,225929.283198123,233238.963422483,"0.207443892514821"
"836","sp|Q08J23|NSUN2_HUMAN",450364.779221071,496494.538813755,362476.990539559,397612.622176604,550182.06273391,434738.253833301,277066.902417148,1188736.10265025,1103136.68140424,1217353.52429256,1052290.29637612,676563.076757114,592275.487847651,"0.662283838306909"
"837","sp|P98082|DAB2_HUMAN",558005.898250752,586792.520865951,366629.924021324,333314.5702796,449744.075663753,444934.000012791,200516.536464898,280060.257426808,279041.600443748,535132.683455068,513130.70453947,389071.522659655,406945.182090561,"0.083563598919671"
"838","sp|P26373|RL13_HUMAN",704185.959262482,741303.392491851,546764.661642212,580566.211890192,866282.935022019,776015.151843737,539532.527656972,514305.373189042,415554.810330018,1320266.95863879,1291138.80049589,992580.482304337,839149.192467244,"0.946784278585756"
"839","sp|P10644|KAP0_HUMAN",223644.580532253,260849.972378747,438692.286329289,382657.109747406,367943.556562645,353650.600445928,448491.429219846,153677.353548528,187610.369288611,294874.403939454,353395.117130071,239510.406075947,277540.613452836,"0.831844663538996"
"840","sp|Q8NC51|PAIRB_HUMAN",167011.376565683,93175.6261262487,98191.1875054855,136585.958546627,110671.551981415,147100.887465124,121945.580595934,399785.708500129,502021.783648772,354218.623160091,394565.761749113,259749.551497113,246513.132383961,"0.646434604466432"
"841","sp|Q96IU4|ABHEB_HUMAN;sp|Q66GS9|CP135_HUMAN",2475028.21336802,2350447.01848938,2129543.27413788,1609552.40214112,2269909.08450572,2302587.76736323,2786491.66233601,926064.6190691,951187.318512362,1197343.3380014,1100154.61945496,1161867.59383568,1273261.4988934,"0.516838712038563"
"842","sp|P51812|KS6A3_HUMAN;sp|Q15418|KS6A1_HUMAN;sp|Q9UK32|KS6A6_HUMAN;sp|Q15349|KS6A2_HUMAN",391104.652750872,473494.007923066,787362.915323644,759688.431102275,867587.862621883,934175.606508452,747536.774768965,496097.309692093,514849.370478778,572872.894272737,468637.914412415,508351.893365333,654878.593085529,"0.123937735191548"
"843","sp|P09936|UCHL1_HUMAN",120293.888004422,125897.487647935,127911.461225825,183485.198907645,103319.797338614,99945.5311629753,151810.738591884,206612.466241245,196440.856066137,151973.684943393,140577.188421576,1172564.60402394,1091240.05272018,"0.152131381009657"
"844","sp|K2C1_HUMAN|;sp|Q7Z794|K2C1B_HUMAN",257317.366980564,341392.312706785,321890.84095072,243696.384804892,396216.818928014,360132.348499633,761739.859001179,172108.662516959,159654.168214787,447212.678455061,334932.38539592,364223.787608325,403874.263799322,"0.504289355494086"
"845","sp|Q8WXH0|SYNE2_HUMAN",449332.309653202,328521.57626985,200708.13093632,385289.636028276,396215.789303653,401138.51010877,352742.896186333,406129.002497967,380059.057832487,325510.147857307,310275.560430439,442785.63636118,322590.570004831,"0.794223583597582"
"846","sp|P30084|ECHM_HUMAN",1516047.17251121,1593553.54272637,1198117.61027011,1114318.25173693,1047557.00136327,1011178.63358844,749236.25711646,1143847.04832309,995889.5913748,836544.066481162,1002905.47627007,1627618.96589299,1504233.06684602,"0.848186984393505"
"847","sp|Q63ZY3|KANK2_HUMAN",139041.95104323,148872.273935621,201996.488864357,156233.163457308,645099.570687941,511631.925753851,204513.400825426,124450.563460234,117271.21109086,135195.331033309,139420.106294228,233428.365935211,244166.085513024,"0.265629118474297"
"848","sp|Q12882|DPYD_HUMAN",217838.017234382,212276.902421016,213251.967619767,193248.060215887,330664.776048132,291614.74907951,424523.316490241,336018.733441163,422345.417836857,923128.867531241,805742.21455938,498409.599758294,579718.946380801,"0.728647380302407"
"849","sp|Q12955|ANK3_HUMAN;sp|Q01484|ANK2_HUMAN",2483823.93646671,1838314.34686926,2074291.17880178,1539605.41753891,1902289.05772204,1519435.30952433,1828855.4763665,486001.791378063,497254.859428482,684695.346003369,709674.631550948,805126.305925202,743107.640548414,"0.49193213210584"
"850","sp|P28062|PSB8_HUMAN",400538.069214884,425430.486382801,443768.677052268,447659.776613003,640170.233117219,628016.407828151,517541.577484934,713184.727393768,657889.054119411,869233.986008244,820077.228280399,609908.171890658,556237.040678158,"0.736785675742373"
"851","sp|Q5SSJ5|HP1B3_HUMAN",686606.976916821,663976.655350301,526354.307779637,608155.361545666,1126253.71061722,943710.008717125,168368.613358462,157998.478135368,142927.557450342,508042.139601616,579329.016515445,530333.891839622,620437.534361789,"0.183767661350315"
"852","sp|Q8N1G4|LRC47_HUMAN",1017381.78741979,1706504.35095393,1275940.16255153,1329043.00598033,1303345.19661831,1416298.27020591,1284145.05599171,1404264.71087967,1318067.90344866,1312011.824543,1359576.38000298,1115958.5744187,1287755.82692738,"0.691080961121775"
"853","sp|O95202|LETM1_HUMAN",768792.751452944,755363.907523961,382427.118372351,353526.678348756,454885.460382813,388589.08370592,489037.881445771,771418.434467913,793314.044450087,630542.556670625,623746.982350601,471127.945882388,404282.47297828,"0.344189135672688"
"854","sp|O95831|AIFM1_HUMAN",794571.242417291,862928.301928557,591283.336699917,607226.822679652,637184.986194454,629894.963604219,433069.400205662,877777.300683317,728716.876971512,942058.307622814,1367817.80023632,829395.326374153,697637.702365911,"0.663392102806044"
"855","sp|O95810|SDPR_HUMAN",472024.446530936,396338.353840301,845897.443733115,931762.377742247,1239409.4863802,1338831.72363539,485018.060903,106550.143097975,57905.9527869868,195570.071167757,193200.187655744,130225.550982143,120477.084018584,"0.392284811993235"
"856","sp|Q7Z2W4|ZCCHV_HUMAN",192426.481075968,192049.120219059,176672.588833706,181502.005316817,195153.56843079,226392.344297634,82249.9864064879,344060.914950805,394226.942768826,356857.206696365,421316.818314668,302559.912761128,368172.845629647,"0.684775398207276"
"857","sp|O75923|DYSF_HUMAN",139307.893730378,178895.645640318,239401.214384506,305898.562924994,253612.676840109,202499.077226755,211039.457076433,199008.098385171,243802.44434543,104473.581062433,137705.169494234,197277.108889418,183251.85806459,"0.222875079494262"
"858","sp|Q9BUJ2|HNRL1_HUMAN",1605531.33522574,1339097.6075277,2329471.30805967,2555806.30356742,1374950.46969727,1273256.38903379,3508229.17228408,1169983.0817905,1173926.15702502,1333654.40937347,1380180.82589799,1022209.30793065,1130770.23919073,"0.1787327433051"
"859","sp|Q7Z7G0|TARSH_HUMAN",660713.652684322,846061.323029333,1503936.03421365,1480802.31584624,1940339.82998788,2029427.45743123,1951019.95786591,189745.591058711,257908.84750489,505127.740186677,418179.606053135,333670.915922433,315218.719679277,"0.369850362528971"
"860","sp|Q99961|SH3G1_HUMAN",210205.30381634,217544.5709207,284016.067814652,227553.105686927,342062.334375498,385097.523100058,113829.13657946,294052.100841102,318171.074557361,460086.405450902,701585.553026982,291272.185490502,425786.679914363,"0.95775901524921"
"861","sp|H7BZ55|CROL3_HUMAN;sp|Q8IZD0|SAM14_HUMAN;sp|P09884|DPOLA_HUMAN",202363.148054842,305048.270550151,419857.055028918,529699.645460621,228224.404183689,224605.958725021,815908.399479886,213206.39841115,231194.265576597,452809.614076901,563854.638367703,1363901.90992945,1503330.08584613,"0.225357628931374"
"862","sp|P61019|RAB2A_HUMAN",1780503.19028615,2195511.70600357,1659611.34840266,1423140.72200181,1483044.08705295,1802082.17298263,1658115.85489781,2793790.38387976,2951790.24342611,3414226.91743519,3103611.488941,1382782.3199477,1357291.35548415,"0.999896257019117"
"863","sp|P08758|ANXA5_HUMAN",1041261.00753256,868266.198351027,1994040.53653425,2030561.72065537,2054440.99435328,2078614.72388734,645803.701886999,2685808.6543856,2998486.42036636,1974419.49093776,1700546.43268615,4872687.39444069,4897067.80560032,"0.0533664028337607"
"864","sp|Q9Y281|COF2_HUMAN",157100.022566543,180921.107029336,210490.253266208,223534.658127195,336651.265227622,298411.607067325,76856.5558348591,86356.8938124887,67165.2214881882,154778.456632221,166935.718602963,151201.258487045,150173.293295478,"0.260247262333729"
"865","sp|P02792|FRIL_HUMAN",17007103.0677894,18438041.1364051,2363133.57292091,2591767.49811047,5473814.77109769,5093937.80808391,2244649.05590165,10520417.1692333,10168631.283493,10810082.35983,12978073.2122384,14308579.6666603,14005216.5213431,"0.408659080414447"
"866","sp|P61204|ARF3_HUMAN",4310753.57720734,4308073.8156703,5197838.65837379,6063976.04981304,4135110.88717428,3773716.98698635,6100418.8868944,3824245.95790072,3834913.32083756,3385461.35832502,3239221.2849401,4156175.4437515,4826055.42295988,"0.872583803060297"
"867","sp|P30485|1B47_HUMAN",27473012.6479675,29555095.3510022,31030000.2807562,32506269.4720195,39837557.3093705,38692027.4857571,10525788.209279,34355737.3182776,34060781.2097488,30268230.607524,29025285.3598036,13703991.7934211,13671758.9851206,"0.402800802378644"
"868","sp|P25788|PSA3_HUMAN",1411224.98774868,1673787.54640396,1499485.97902243,1660010.65354005,1749615.49013248,1449999.6752686,2060358.26975433,2165282.05337999,2280897.17383041,1522783.07788973,1338857.537654,1489985.88075046,1466714.9658167,"0.222419454756879"
"869","sp|Q9P0V9|SEP10_HUMAN",724384.946145539,741903.999344651,869097.648919171,773946.188897658,996115.294104744,798382.547843298,642791.701822297,459688.71761823,393632.012858707,289187.289918723,258496.489169112,308919.975859843,451424.109351343,"0.633053571198042"
"870","sp|P47755|CAZA2_HUMAN",628440.807625746,693546.11257961,1219065.46225126,868519.067051855,1190377.33511743,1033500.4275965,456849.28950014,773772.7471748,821340.338726067,853892.822343183,841634.282813255,1111389.76297589,1010731.16691833,"0.279414326774798"
"871","sp|P30447|1A23_HUMAN",19754404.3325862,21827386.9335383,23346381.1636166,24341904.1162565,20070060.5178854,19738826.2046629,9761603.60735711,19725782.1923125,16369016.2124521,16950209.1402135,17011798.6700963,15786461.1345783,14938897.6227659,"0.343816992592857"
"872","sp|Q14166|TTL12_HUMAN",716546.294239745,685133.424426385,623695.209133986,552842.559909584,473834.768278695,472332.317753298,744063.723061602,539280.903301483,529322.648430361,874557.705100583,967246.583829944,830761.261679697,909934.498528496,"0.907430079883041"
"873","sp|P00736|C1R_HUMAN",447685.647527501,452252.479307451,508195.629190339,586684.691005479,753022.968212509,667043.913752598,1103041.40583169,610493.172824052,524186.505837789,888342.047576699,901474.860155869,516138.111072942,621898.553814198,"0.956541675666831"
"874","sp|Q15393|SF3B3_HUMAN",1247472.80832727,1449287.87589681,1131565.20654614,1092090.21792669,1065060.33915771,1083321.82495811,1477444.95379169,1361366.1161933,1420175.60767085,1265660.75294116,1217464.09316957,1105298.93313512,1257395.62266569,"0.712033639128676"
"875","sp|P08865|RSSA_HUMAN",1454245.84038344,1652782.09887378,1664208.3690633,1450826.82636853,1445863.58589317,1195417.95904945,1681228.2270612,3605504.7915234,3757449.02915444,2745053.57679172,3060847.32327208,3475157.04274127,4083845.28803862,"0.369456751916767"
"876","sp|Q99829|CPNE1_HUMAN",1039292.51855645,986088.051392762,1278203.06359233,1467314.00443044,1179925.34884696,1322386.8381134,301377.917406538,1857264.7945737,1658026.91222749,1390126.8149365,1493923.60678032,2129605.76733203,1528588.5038461,"0.308778153320763"
"877","sp|P12004|PCNA_HUMAN",158586.532204075,226268.981816398,228129.881367619,184872.476075924,282665.009435185,344059.42495395,328079.700262571,1196278.02122781,1249382.77068189,763345.058418012,693754.672129609,616231.792044607,625748.492733826,"0.3813451767588"
"878","sp|Q9UHX1|PUF60_HUMAN",206535.046429987,287441.22542022,353551.276269562,355486.919791882,316622.28267747,381310.470203646,246626.080928791,918111.146703318,980601.346898237,692361.211007803,743833.5387209,462283.576933978,524522.251074221,"0.580821955116772"
"879","sp|P46926|GNPI1_HUMAN",70217.4275253523,67377.5855590906,35753.2091511437,46833.1572016301,36223.0530832914,30791.399496216,130000.166364156,259976.060319974,304670.488770595,65161.1247200715,61466.0994185114,158249.852387435,182696.751037274,"0.118587344591023"
"880","sp|Q9P258|RCC2_HUMAN",165227.240400458,267111.083212729,260525.057740632,256926.078759848,199146.494666565,192266.565961311,169595.532825101,667849.432312319,614009.289351478,542171.403952855,552653.065462604,633555.362359165,562553.656694046,"0.45551716990947"
"881","sp|P01019|ANGT_HUMAN",3397445.40206807,2912846.37128711,3467920.23572643,3686971.86034706,2800239.02024738,2358205.91197182,3145628.30388998,698919.912687763,768653.629711496,1683208.87020697,1763823.32873283,1126719.12612067,1325969.99722154,"0.359833027541074"
"882","sp|Q9UKV3|ACINU_HUMAN",52937.9457854829,47525.6657405366,39072.7153173449,38297.0416360782,175517.193681415,150114.093428618,34625.2563208388,314802.696760033,322466.810693606,226982.389782176,203882.078785999,276767.689056342,339851.775817454,"0.279256149622514"
"883","sp|P39687|AN32A_HUMAN;sp|O43423|AN32C_HUMAN;sp|O95626|AN32D_HUMAN",810135.681205848,771664.618523969,500780.511040248,529237.177404115,748180.311922054,761813.275463914,473281.617391099,828618.474226865,892622.633424444,645690.656069889,599430.494990865,1069524.6417337,1167485.1030384,"0.340158633539732"
"884","sp|P13798|ACPH_HUMAN",4562394.58190734,4064393.81424962,2417556.10188618,2198615.09851253,2016231.02515715,1878352.31688986,4606508.97277229,1299353.22869969,1339786.813497,1252176.29512181,1447925.11498029,1631363.35526597,1287680.50820676,"0.488511244120804"
"885","sp|P80723|BASP1_HUMAN",1572343.73578648,1270977.69825736,523870.115553017,732842.306730554,347174.039811798,364215.598293947,1186976.44720237,1505511.55039449,1269546.11245162,1920445.78661823,2085763.97553156,2106688.30173018,2119903.64425992,"0.837084479522929"
"886","sp|O95573|ACSL3_HUMAN;sp|O60488|ACSL4_HUMAN",370137.236284732,379189.260438897,350518.895350458,318760.784389389,251602.65251344,296543.968335194,336721.712291867,379537.669786124,381270.177284553,292157.051916499,283810.361536147,524426.359002147,454077.291915273,"0.403461807854973"
"887","sp|Q14767|LTBP2_HUMAN",422599.815839001,399511.254930238,621925.580629975,751681.464278326,1121285.45286241,768712.052965876,561085.288554401,164006.767448227,170817.882658497,1134550.26863451,1120365.58332362,405146.687200051,454119.192588678,"0.806220908847217"
"888","sp|P22307|NLTP_HUMAN",656681.758482341,659545.534741081,515320.491387947,584137.185099202,643344.345562441,775699.354586022,619460.737353543,1004272.80113455,893972.267078341,633419.026706348,706111.180781664,477704.395884814,514953.021157618,"0.665193374127174"
"889","sp|Q13177|PAK2_HUMAN",763523.708113441,911779.72448578,734766.629097901,1105387.23312169,1136246.77024458,1108112.07604477,685813.835832143,1513941.48341288,1530631.66889124,1058854.92059577,874499.279591534,1219835.07807857,1408391.24532075,"0.027906813949082"
"890","sp|P36957|ODO2_HUMAN",2138694.74229681,2064137.74806929,1426545.48588123,1022631.98821836,1972220.51095036,1687440.17418897,465849.972911378,1450263.73250507,1081634.9592659,728534.360288747,1232091.6479188,1058535.77279552,1132382.20026435,"0.386813776779273"
"891","sp|P13716|HEM2_HUMAN",3838623.40654347,3933222.67205638,1593465.50062894,1688322.07209228,1356092.91515911,1214132.85672248,7632426.90127749,351266.208206005,436164.978375375,233685.857714622,265586.962571518,317241.200698712,297885.840770585,"0.507995557672198"
"892","sp|P53041|PPP5_HUMAN",252439.518670996,227774.687434147,294978.624992793,242992.804594012,283737.992993501,251139.822820956,190958.501371491,202663.902420481,273814.541276275,177105.299439598,212284.658978687,275751.304693941,272897.906384283,"0.747231576022274"
"893","sp|P62424|RL7A_HUMAN",1352097.29781408,1197813.44177042,1489297.1661312,1492998.58212392,1842616.47946582,1833615.9033609,1013871.18949968,2645774.21039726,2397969.82784522,2706745.28602781,2862518.52614851,1868237.42374315,1923889.03005306,"0.801657227908868"
"894","sp|P46439|GSTM5_HUMAN;sp|Q03013|GSTM4_HUMAN",262690.079209999,300155.228610605,589123.128410705,379178.851827336,63249.7476917949,71026.0487059971,2376.34551577371,1527855.0499098,1402049.08242966,30220.8502154464,23320.7850297818,4058390.75742593,2942287.41144452,"0.125124264527318"
"895","sp|Q86VB7|C163A_HUMAN",243680.924433133,172812.838391833,259821.91557008,311093.29399362,402130.50966126,372111.016136839,81201.9672081296,504189.51093612,475852.83435415,262220.076651782,488334.614501038,828791.403547574,526642.166345479,"0.418126172239328"
"896","sp|Q8IUX7|AEBP1_HUMAN",146664.989774456,155040.044084385,239890.04253869,314027.916004697,252761.367301922,231585.086998071,275896.170110397,103258.952722049,134055.353242937,596536.915642927,626286.563723507,52219.6210474368,119265.178753706,"0.799634396408985"
"897","sp|O96009|NAPSA_HUMAN",17922870.156055,16404433.6581251,3287195.37753934,3776747.89913897,7698978.48369484,7199941.44568322,1901728.84316146,1775841.15056083,1646857.49500041,2794963.38544845,2507602.66216334,3476854.40438598,3574671.01328999,"0.5121143505769"
"898","sp|Q9UHB9|SRP68_HUMAN",246037.60864785,343889.182476161,253091.219930181,250717.042620722,319662.174727169,299536.857645352,266449.613910153,219992.177538732,199593.581994638,497441.074075843,523492.512013331,459360.522672319,494041.394539856,"0.783424885742125"
"899","sp|P12955|PEPD_HUMAN",530971.508079398,487657.077373584,450218.761159294,540055.73409137,374114.110990219,369198.322240442,546001.823520146,430083.493247831,432887.885373984,343246.386797483,390989.075362015,307226.997611558,329553.820605959,"0.37206171704767"
"900","sp|Q969V3|NCLN_HUMAN",240665.586252681,199205.267799336,123489.06147803,140955.082320219,71780.9285178416,87088.0990456136,142363.963917116,175005.393056565,200002.845346305,211064.535464625,181162.953108921,144574.399828688,181950.363163604,"0.521586037147978"
"901","sp|P13861|KAP2_HUMAN",761466.546849231,774649.804221852,593234.280883664,852280.179586967,708237.566013545,614687.175527337,501017.172719434,245881.87453403,217865.041316206,317920.3088649,373133.133002454,378087.967645818,385179.604668511,"0.438815048891843"
"902","sp|Q9P2J5|SYLC_HUMAN",331071.556847662,297516.345794625,251743.759603894,247946.269594859,453923.271526067,330967.903310792,204869.295735599,609838.985503993,557425.02192545,588760.668109191,620969.347512972,326438.89046436,334416.567165929,"0.959194329312652"
"903","sp|Q9UNM6|PSD13_HUMAN",736302.894450985,682463.46890158,700788.122284324,554999.522340725,619704.959724872,541869.181548088,693780.545154859,1038564.83486114,911082.107762259,655352.605376486,600072.558768446,852861.595197945,870693.424410255,"0.323717162920162"
"904","sp|Q9NVJ2|ARL8B_HUMAN",466395.907831729,507562.113731519,483682.854992407,525767.205710113,468382.411688133,384337.313731985,286936.709610921,481048.330048861,488311.789037601,507167.320887509,497418.159982691,320210.456222115,321136.890419634,"0.288609292047824"
"905","sp|P20073|ANXA7_HUMAN",757057.470554475,654246.513843756,653377.497449929,654621.104329563,809986.586722128,689350.213371306,1014287.9555132,666150.214722426,679697.266658455,610852.121459663,495781.48298103,518000.947276567,487472.708968984,"0.694413504848905"
"906","sp|Q9BR76|COR1B_HUMAN",1246302.88355851,990073.297597121,754870.072911319,842441.625389168,880330.266184957,973294.699113442,479480.823610101,717170.226508826,696259.229177296,796615.50470665,810943.310950574,810184.580290193,807653.807384883,"0.462034170912571"
"907","sp|Q9Y2D5|AKAP2_HUMAN",682399.197871391,806453.453667488,1124343.94847057,971279.462585276,1547720.02146479,1443573.85850469,517089.935054821,145081.899847945,179606.075949048,309199.342635463,250766.775070808,184893.946988906,199599.20689301,"0.462280730147344"
"908","sp|P78344|IF4G2_HUMAN",360427.821880118,314217.417437244,305419.853342216,273750.308584614,428243.426375736,458889.93621568,241290.19900746,608559.858774275,644548.270936092,458809.392866161,419401.034870504,436355.946907691,511388.835539155,"0.100100384566436"
"909","sp|P62879|GBB2_HUMAN",3006675.07481848,2713604.70082932,3655544.33816117,3061989.76493553,4006322.32141094,3017871.23506742,2388087.12498932,1456841.82141986,1635003.52551532,2298885.2735385,1860949.39856952,2704652.33710071,2713657.62240068,"0.797621273696442"
"910","sp|A0AVT1|UBA6_HUMAN",265273.840825815,299829.814809146,292636.476877554,267005.749496587,424178.919109297,344565.836717417,370975.058904747,548058.809227212,410890.908233492,509109.652184858,452337.884049605,306019.816602003,283255.319008539,"0.785465547554191"
"911","sp|P02763|A1AG1_HUMAN",19885228.2023384,16946728.9856664,35610619.3698202,49137384.0856109,15430750.0464144,15417889.1250352,27565607.435308,5829117.61844216,6208188.00095858,3229929.05419987,3448449.86855411,11151287.4397446,11337556.2315634,"0.675295478828886"
"912","sp|P63000|RAC1_HUMAN",5014663.66006459,5238773.3330072,5426136.12420273,6498063.95137009,4404327.16518778,5012266.01261392,5816218.98237126,9287555.78221379,9011226.09675394,5118123.19100091,4880014.94019344,5234245.73421592,5984291.82513576,"0.224424617050825"
"913","sp|P61604|CH10_HUMAN",4648547.10284396,4719135.95429847,3667601.10091978,5103814.29714747,4170547.20829739,3399766.38481934,3415016.90910056,3836041.89346097,3754261.82048787,3078880.85785342,2913387.48889262,4660793.28868202,5501990.07959491,"0.861704799304123"
"914","sp|Q14194|DPYL1_HUMAN",19787.3380643814,29973.5739313758,52965.2636635575,87990.5813523336,87357.1083407147,90390.2827701265,14282.9519780031,27395.5925663986,14418.6682018636,32061.2684062842,45994.0577536276,71927.2750830014,84525.5512887689,"0.42217330516639"
"915","sp|P07602|SAP_HUMAN",21455114.6393651,8149204.26260869,4589133.826052,3552763.32687654,6313867.3895358,4766646.35100959,1506466.85887444,5005362.50293851,4885230.98982697,3673754.97173012,2968578.97868391,2619988.36776138,2979206.97420304,"0.515945927155668"
"916","sp|B9A064|IGLL5_HUMAN",13344034.7147271,15184269.1711571,109491572.41924,136375139.831449,39938411.8848373,38790230.6012032,8625064.97861323,27944858.105776,28191083.4770009,11674888.9486164,12188866.0574402,67176430.3599075,59888973.5055527,"0.121262387611886"
"917","sp|P04179|SODM_HUMAN",2828088.27758197,2577141.36632151,1461845.09407019,1497772.39631279,1299482.72053146,1362863.06104589,2601611.45014531,1783563.08909241,1632065.18872574,860531.20545064,762699.861172769,1176698.0127769,1369947.42615597,"0.648556887963017"
"918","sp|Q13938|CAYP1_HUMAN",945789.607345663,1117573.58021871,483826.74583209,527121.042091471,357821.725006491,415373.202729072,793867.411351535,216204.017367877,177412.456480612,216820.724960348,258540.982125499,2140914.11192243,1990561.79498327,"0.56477159439227"
"919","sp|P62873|GBB1_HUMAN",3250312.56297955,2962573.93498781,3823264.61188774,3644651.45523567,3862742.18055013,3769484.24121455,2919710.92587021,1920421.79962597,2165373.43136095,3049681.40279268,2555164.95654094,2677091.40554546,2722200.83248913,"0.577203608601291"
"920","sp|Q14141|SEPT6_HUMAN",22040.795835495,52033.4768601907,52445.0053255217,55316.1878973277,89044.9288436912,69940.4150225764,9979.27593449733,28131.4442055614,42284.562926138,75996.9467681029,88003.1421288053,67815.4911619144,70516.8922185134,"0.746492680986183"
"921","sp|Q9UKM9|RALY_HUMAN",1374251.79424466,1258305.55416543,1264422.33223631,1330594.48199199,1532697.11219338,1306934.68592138,1360132.21238796,1376187.20346391,1224560.99621651,1829811.51444685,1658021.36609374,1598831.84884733,1454654.47097895,"0.850439045328505"
"922","sp|P80188|NGAL_HUMAN",995044.753359505,1040517.33727506,2221807.00369982,2402911.48817372,577897.633486648,574241.465383051,4966682.62792168,6457887.98294495,6093163.51679048,536146.539805354,442348.85401545,1379999.85003397,1204383.91606826,"0.322784854865243"
"923","sp|Q96CW1|AP2M1_HUMAN",407714.896376813,477363.560164378,629195.857240279,563505.250395449,342199.738850823,533556.09249958,830781.150049312,326721.445286778,289546.213390807,506081.645982212,545473.680420587,234480.791527323,303921.180286114,"0.362286100508566"
"924","sp|Q9Y696|CLIC4_HUMAN",577283.190808477,448863.936785272,590558.300647738,699403.08661139,1179515.05932287,1004194.20706091,1025914.24412401,930271.772524733,923150.975975238,925362.949201057,973451.564612425,492764.603696306,658390.559920735,"0.940358565693791"
"925","sp|Q9NZU5|LMCD1_HUMAN",285773.277023202,249003.159205159,540785.482465685,526701.264594258,414687.673323009,409328.813641567,231167.354345402,172795.141846566,187596.599060402,180978.558608136,184454.596988056,78574.2301079116,84637.0686923097,"0.281612896878302"
"926","sp|Q9HC38|GLOD4_HUMAN",2505396.44852207,3052967.7643498,2038148.37867333,1915477.71863304,2482308.61973811,2840346.6252055,3739199.62458432,1773838.35737473,1941234.30204953,1910764.28291042,1837453.2248769,1155647.2814254,1210297.04453052,"0.304334042312468"
"927","sp|P55795|HNRH2_HUMAN;sp|Q9NQA5|TRPV5_HUMAN",402520.68402916,552930.90606953,689025.752663804,591574.168397618,543773.657313157,465795.626529548,969906.13971527,879286.536717002,833174.58693616,602519.919865266,663887.804320627,588515.728010611,546124.500661573,"0.538097234971884"
"928","sp|P16070|CD44_HUMAN",1496042.92598513,1784808.07881643,1506174.31826866,2417419.67578104,1358822.80344038,1575361.50355764,1729657.40531658,1201556.47287333,1045184.7274489,850955.623340298,767817.92113317,1385712.45776241,1783463.44908684,"0.94198723025394"
"929","sp|P09496|CLCA_HUMAN",554972.064584066,448557.240307043,381946.50770105,542578.881462417,420344.435814998,514379.301186801,515337.187068979,535742.382356209,421886.610681438,406655.220421675,346359.344377082,525864.051969073,526976.431582545,"0.969279788537166"
"930","sp|P13693|TCTP_HUMAN",1539051.6695625,1665131.69682193,2130905.4675083,1397210.54084585,1679453.1253109,1437162.73685497,1480662.47231813,2571681.57196731,2924715.91623897,2514569.1350862,2270603.55189114,2135474.65766688,2112434.22145823,"0.390037182801187"
"931","sp|P18621|RL17_HUMAN",461643.073503858,473279.665016986,626776.790630487,617511.269306789,721598.12128844,632493.352341038,579327.602706428,856167.592868391,842931.468017598,598763.400332783,580119.341538333,862067.05888882,774865.574088834,"0.0811722060791821"
"932","sp|P62136|PP1A_HUMAN",53010.3777946219,34210.3547399682,2041.64994871168,59696.1936964756,72809.2754849852,67234.1186402397,27352.1785782797,20646.1018918359,60377.3106031589,46972.3901226952,67064.177005192,9870.49310724892,10723.0081375741,"0.195305697112473"
"933","sp|P27338|AOFB_HUMAN",633486.553327396,638567.490342816,1213708.37000841,660368.916268365,609110.911212213,606337.55983004,1181519.96347036,159846.963760169,180338.553462323,406508.281134174,522252.113988168,273195.626909927,251210.805659105,"0.0445459925858279"
"934","sp|P21397|AOFA_HUMAN",275188.862864615,242510.499518945,382662.940759532,473936.169042598,323770.448542615,346237.958349662,383132.991261636,86137.464375763,104563.613944655,124222.571981599,119728.315512556,118550.160354961,92660.0482772345,"0.468961629086436"
"935","sp|Q15366|PCBP2_HUMAN",985758.451084331,925988.305800515,1040577.84802313,916282.259632548,1706987.81822356,1710258.24451515,809638.977507743,837606.37400798,826018.511297858,1630908.00105324,1523615.31356888,1057752.30752352,967360.641370469,"0.881456245524522"
"936","sp|O15355|PPM1G_HUMAN",532372.150946723,515920.652069403,795479.027038411,725008.039819824,446251.387214602,420590.060481147,1203891.77875555,558456.594167423,533169.572927724,583159.303553368,585681.70171374,374552.479169501,399955.004326542,"0.280380708649131"
"937","sp|SODC_HUMAN|",8605575.24040283,8164460.70315351,7395850.86785355,7729150.81563256,6748859.25707193,6024952.87321813,15369997.7090624,3791296.71816721,3511691.01440434,1881612.99325264,2193232.67966811,2882944.11055259,2853354.78071806,"0.549837596199624"
"938","sp|Q15691|MARE1_HUMAN",1192957.11624591,1080504.65352463,2540359.53112729,1460584.4520507,1580799.23298847,1042257.16895786,977138.332672856,1609000.23163071,1915326.99477936,1095721.45683845,1285280.04050774,1206166.61052505,1718156.7916572,"0.273325442081622"
"939","sp|Q13347|EIF3I_HUMAN",112494.94954199,119210.055843257,111305.244551021,112544.938825785,168569.86598709,178823.469799622,130436.9335268,326097.9816122,228174.67241184,174726.447503687,122489.230645853,365851.864691946,347218.852231535,"0.0516455171700482"
"940","sp|P58546|MTPN_HUMAN",5190144.98252098,4360923.9768752,4410251.95335826,3077925.18490564,3080565.86793479,3182493.91274782,5735134.70253732,2577940.58156081,2554253.16224972,2737810.63827164,2681638.75372019,2884531.77778888,2139333.16983969,"0.478635005440234"
"941","sp|O14979|HNRDL_HUMAN",417095.875494056,606403.269411767,423001.703227847,557648.920736178,875707.236365039,629333.150945986,515278.793772018,407687.376852336,433099.771210834,879647.758641471,856662.478048478,559837.053943658,464435.737524285,"0.994773180601153"
"942","sp|Q13045|FLII_HUMAN",872680.954912295,962594.941183275,826198.108637259,865947.860295333,850126.717339084,883121.119076264,495926.529477633,628321.182798751,577901.665425408,648212.392474648,665258.403286877,621674.442823416,603065.650858393,"0.389717902409395"
"943","sp|P51571|SSRD_HUMAN",623270.735814307,465742.033823302,578324.882915432,558820.782938849,342934.700432805,374486.452180193,965937.084541908,572904.508679565,706085.540763748,837046.424067003,915045.150032584,769874.010319423,556291.917051288,"0.9478400848339"
"944","sp|P09668|CATH_HUMAN",4014236.13241936,4065289.75391764,2141445.80449653,1770694.95013238,1246308.43655518,1370416.0030853,1904283.01584831,1239660.52469338,1207919.11263739,829677.015107128,998312.830797597,543447.35444315,531271.152103257,"0.463931515614907"
"945","sp|P35659|DEK_HUMAN",306361.929866805,417851.299911611,383837.550242398,460269.829860413,636598.230915393,540517.582511066,568139.887694027,430550.172789151,408337.385933762,394857.299417782,405229.866605409,475989.782526661,411385.514647371,"0.410191707886711"
"946","sp|Q13724|MOGS_HUMAN",904847.188982932,916977.11842528,1108221.79347593,1210637.3376583,1236876.87569982,1116084.0763106,966001.6504846,1626506.80414905,1456430.63896951,1193473.11145013,1197939.77547836,1486113.44504004,1576209.69397183,"0.213700344897788"
"947","sp|P31153|METK2_HUMAN;sp|Q00266|METK1_HUMAN",1220672.71795039,1280214.77400619,932596.634861465,821903.545508091,988387.320428825,1038855.66149269,991506.475661723,1389422.13483509,1468854.32462341,1075843.93187801,959906.391691859,1069604.62333522,1068111.96286995,"0.830656397812952"
"948","sp|P13760|2B14_HUMAN;sp|Q30154|DRB5_HUMAN;sp|P01912|2B13_HUMAN;sp|P04229|2B11_HUMAN;sp|Q5Y7A7|2B1D_HUMAN",1905980.42715491,1548970.12878303,1591160.79020904,1497328.88379595,1655187.97233337,1456509.69629385,1142228.43392822,956505.338478382,952692.665326492,1049176.20070037,1119371.68740116,3574003.74207909,3509589.31031577,"0.502536046004625"
"949","sp|B0I1T2|MYO1G_HUMAN",530618.483137468,591870.046117399,228728.007378364,251005.679545831,579907.274767639,490435.606030515,227333.281299455,485716.653717039,595746.096465769,482401.481353909,534578.697220259,817441.682978425,894388.373398439,"0.177441902416837"
"950","sp|P07738|PMGE_HUMAN",3262246.17116386,3292088.93298473,1859142.64012895,2010772.2832926,1123408.46890672,927460.491222684,5002957.58902618,281870.452431697,279122.947592564,356039.089026252,346588.387814478,344738.035123993,338395.608172196,"0.497032220679798"
"951","sp|P05198|IF2A_HUMAN",430269.33969257,476529.625730672,307642.054843608,380059.9826428,276636.112318675,288987.954011314,332653.481302696,364979.21675764,352955.560893115,340671.519270328,237207.228232643,332290.610637964,358301.370469127,"0.938251435711871"
"952","sp|Q9UBS4|DJB11_HUMAN",239527.768539688,307686.387373981,345289.37275819,332142.50895713,319198.829645105,281166.999171725,170746.397892348,928192.768779129,969295.653477598,1176778.73025982,1114289.87555,854987.885068155,763814.681297435,"0.617377942105722"
"953","sp|P46781|RS9_HUMAN",1129416.79304635,1278088.73594983,841818.73238664,742143.540004769,1159172.68237431,1146038.12021208,942220.605484943,1197471.72200573,1313221.68920193,2289897.64826201,2219532.9133969,1434628.96260778,840851.569217978,"0.938693777609785"
"954","sp|Q14157|UBP2L_HUMAN",193498.406992131,245980.537505078,207661.47126109,202580.169456766,242259.441476441,218058.124197354,217137.254916021,544342.274193405,448094.87041651,292722.4720636,265650.814516343,310164.657507058,251610.326868722,"0.190665681170523"
"955","sp|P33121|ACSL1_HUMAN",410651.617915095,392279.619704794,290165.467377149,227172.500512307,257156.121060346,264966.675447732,247987.323021382,368538.268790164,422220.041258629,231883.914189499,222732.573249931,248524.624179585,222918.785400328,"0.706636120438496"
"956","sp|P27635|RL10_HUMAN;sp|Q96L21|RL10L_HUMAN",740437.1493042,645754.323161906,658731.309673989,458492.79828779,443723.265873941,456831.616788897,310777.415697665,2477713.10964853,1976491.4557985,1212820.04211128,1344529.55807587,950355.783768071,1035653.00488571,"0.542953535587597"
"957","sp|O94826|TOM70_HUMAN",389106.206285998,489957.872675153,476013.358662729,404403.255953365,542120.365503662,378655.05089136,324489.05094011,788713.527532886,568734.600424614,467767.756546921,414500.94226353,407237.225706846,402567.271650777,"0.198559368380503"
"958","sp|P62263|RS14_HUMAN",562557.903286281,541747.970700344,1035104.01308785,838721.572834258,582690.488292011,659841.072693968,538333.440819657,866029.394936988,1407928.21797499,768095.602123683,920629.576352349,1190480.53314565,1128159.47942802,"0.256532254360761"
"959","sp|Q9ULA0|DNPEP_HUMAN",1294886.22087404,1041270.87425727,1810406.75471704,2013554.81391172,1984569.33578566,2057904.92027089,2079615.39283545,762418.255880528,784562.770566213,1172644.60884278,1275117.52169543,656588.637708607,645728.545368337,"0.0461887537362211"
"960","sp|Q9Y446|PKP3_HUMAN",143950.06427765,160306.465169241,97580.4920986457,97500.0851979418,89142.3912561958,78901.1614638799,129140.626847166,426309.079645822,355694.633266731,125527.910095426,175393.86432842,353640.353148288,320321.370929853,"0.0939427257056593"
"961","sp|P16284|PECA1_HUMAN",926884.312984875,1051220.68211198,1964243.51626989,2134072.63046345,1377665.76129583,1235295.98457842,704716.06174139,330347.653744777,300185.93694173,490746.332820204,483888.534092317,455457.565283589,438928.286900498,"0.432047558392054"
"962","sp|Q9UDY2|ZO2_HUMAN",162985.537808161,143959.177643716,260827.893550753,314301.413021406,343854.159223017,336346.675118912,263694.269242758,75168.8043675354,42072.6919040753,87069.1639998615,71014.8361651515,84327.9477964392,81500.550500416,"0.512706961775522"
"963","sp|P08195|4F2_HUMAN",241529.508626307,236319.81196964,206292.397800798,197781.549053297,345036.924297837,314861.624684134,137557.923589019,730338.513585146,815762.687638668,538034.209099684,509321.080153046,755144.565614208,864653.257963506,"0.196636557235718"
"964","sp|Q15437|SC23B_HUMAN",1093548.27826088,926927.822287442,832730.732988318,704293.357761271,331665.553479124,282806.154509131,690018.624334584,631830.823883843,481049.937891267,402645.321725628,381108.329021672,666129.794852689,546055.161368108,"0.619521894160102"
"965","sp|O95861|BPNT1_HUMAN",463117.79944297,425994.591337104,314847.206280371,353415.124089141,402688.046462116,443171.567260269,211035.919588865,264976.631830687,230591.886937384,132604.432326977,173434.070922648,364392.307543525,332931.761854004,"0.708740983939417"
"966","sp|P54578|UBP14_HUMAN",2174152.3595851,1959407.25848883,1645038.18265175,1470085.68415443,1457122.25546842,1444851.08920621,3457846.46818216,2059686.98243721,2371714.73767751,1560477.52980173,1382271.6443525,1047431.73725689,1055339.59021248,"0.595809358733207"
"967","sp|P10155|RO60_HUMAN",472920.073676925,469325.547106723,383890.687344736,454112.613855351,606422.541330611,639837.722551212,350554.106081667,326370.376828881,399533.744921527,402130.209539813,239165.49750402,758169.35569106,748150.631577353,"0.40424319599975"
"968","sp|P35612|ADDB_HUMAN",1024478.80142443,924777.079831857,592633.170673464,564456.54803466,214143.909111555,255562.371155152,2466479.16307104,112057.869153726,100609.658567993,76833.4394853957,82221.1852642621,117895.141321688,114036.752389023,"0.511034357922462"
"969","sp|O14737|PDCD5_HUMAN",1017134.60736121,1031910.35012893,1277593.43963663,1555132.17927265,1315585.54025515,1371485.32207893,903717.63980715,1177955.67090495,1625874.5144263,1248421.41647335,1535736.58578731,1509636.97572484,1458061.68806469,"0.580687487143955"
"970","sp|Q16836|HCDH_HUMAN",2104715.47790861,2132831.43331766,1367785.02050386,1460159.41141048,1334629.2521687,1135011.27438875,1160699.46721522,1395397.85342954,1514974.02449512,1491666.95631029,1316951.61024002,1050591.51635526,1089642.7391023,"0.474901526017282"
"971","sp|P20591|MX1_HUMAN",92119.0137464559,105868.746757293,60010.8870318484,37743.976535224,290564.034689898,263951.019841152,23233.5353784164,322805.445198211,352147.854936215,364514.69898933,339399.28912311,269278.447599126,282285.089027093,"0.547881499387624"
"972","sp|Q8TEM1|PO210_HUMAN",269604.7230395,221432.346047478,205041.975082436,194240.777343658,239644.871527018,221111.953745412,375057.695315859,778810.039297544,707627.836250373,506498.75750706,552415.631613186,445006.447902551,396328.548714382,"0.573587029756829"
"973","sp|P09917|LOX5_HUMAN",629195.313101075,699420.542441766,470990.553499473,495541.924450506,577414.097318576,494969.543212468,209792.227110765,617663.814783965,578315.265656982,352158.606993085,355833.10912732,479126.3397407,451977.132002291,"0.782171217509717"
"974","sp|Q13098|CSN1_HUMAN",4744800.09781242,3428670.60582318,2242440.20143032,3470695.97299533,2873686.91953121,2867558.73795654,6563753.65213021,1786634.78132013,1582546.40063367,1542368.39162227,1616111.49963195,980569.083300843,921993.312073352,"0.445183318166701"
"975","sp|O75390|CISY_HUMAN",5075542.59625862,5403394.89551378,3049280.03752576,2722704.18181962,3393566.78725642,4202941.25883766,2979116.34080968,3646454.10989265,4039855.81039353,3392598.8466537,3418646.81165119,2891400.1553299,3209565.83193956,"0.484318206406809"
"976","sp|O43290|SNUT1_HUMAN",103385.128156898,69721.1363597423,141078.736081251,180328.310970083,222364.216298456,194475.497051176,66085.2439267814,164505.918503713,152516.77408826,472550.498558545,399717.079162086,212303.375742295,242920.747862256,"0.817618791669127"
"977","sp|Q13425|SNTB2_HUMAN",400822.790491121,540503.048262493,438325.369579017,602523.577938694,650672.617225891,555236.713554941,777124.062306588,312206.574154898,245228.166312334,345190.104639236,296487.157109283,145058.265207634,450075.347111364,"0.523232359346071"
"978","sp|P49419|AL7A1_HUMAN",445727.505803716,406423.319721951,523985.248970535,538611.961631517,287729.220636516,215306.010758694,281601.788612997,253251.75281182,192727.98852056,239160.045543111,283651.303498513,537758.535500934,468834.692669255,"0.86173760338184"
"979","sp|P55036|PSMD4_HUMAN",329131.055022002,309561.665223842,288043.932516096,212444.210232942,223337.015157395,225102.099522846,560932.402177671,509636.854564383,492974.657488623,375161.430367582,344284.303138184,459641.434552684,441106.48361317,"0.0334135455319658"
"980","sp|P53814|SMTN_HUMAN",4030340.2276509,3443954.0309835,1106097.95027838,829797.407598967,1171246.77228621,1168768.300714,2674954.35970128,18821683.8418315,16699703.4086633,512891.776910821,690771.90770827,15719284.7042183,15872578.7241888,"0.129524209718766"
"981","sp|Q9HC84|MUC5B_HUMAN",49132.0463778315,86184.0952210422,205492.120647224,243653.150710535,145063.310869848,141525.814110632,25081.2211387852,58242.0900302125,62063.6386342012,436095.776727396,475782.597138939,410305.274650617,508822.689860511,"0.683483180122717"
"982","sp|P05455|LA_HUMAN",249390.898898079,236084.145468986,195032.58267673,191975.971810533,349119.315904435,361854.187324933,142421.122981089,403905.297482605,399424.632614342,372599.309830104,411433.646740738,395476.647842208,443574.169351786,"0.526768101935125"
"983","sp|O43765|SGTA_HUMAN",208815.950656503,216671.686938537,282395.298792178,283240.016081875,202811.360231571,166307.719700136,614234.441251589,454974.974021502,368412.641107247,316500.492411286,393400.317621201,535445.685599504,274436.309059612,"0.55450637577497"
"984","sp|O00754|MA2B1_HUMAN",408316.379264875,354335.960886082,98959.1080523859,113507.867752503,141018.569486527,146096.253292393,61237.003022977,347970.582652334,302065.92490213,327738.748901848,347673.664454985,300070.308773547,333349.098899484,"0.297437582224256"
"985","sp|Q8N6H7|ARFG2_HUMAN",176023.490194375,140171.653671517,62564.0858269828,74814.2369287424,106147.277953249,104944.822662467,60276.804455465,130159.135457689,158477.730161126,79479.913404561,84170.9734612531,238885.905362162,311438.052427926,"0.537494793598842"
"986","sp|O43776|SYNC_HUMAN",852038.844426561,982103.462314766,1023688.82971804,1084003.78400852,979559.464875894,984059.374829144,776981.158096975,1921615.14698363,1551537.88043274,1173384.41542242,1161091.93895194,887151.351306019,794291.094176673,"0.640046466405072"
"987","sp|P43243|MATR3_HUMAN",147383.201568543,214834.77011113,89029.6833707027,86435.0483616868,306226.925444283,302813.018064748,23774.5964700362,142376.565038748,164459.188096111,153641.687483487,125193.949494485,533601.922127987,538700.855110525,"0.15537671041589"
"988","sp|Q92626|PXDN_HUMAN",180451.030315988,183305.441705948,26109.1161677659,23754.0503824758,156929.412324098,132454.194378108,60569.571140235,332455.244258315,336526.875234963,579679.082634589,547229.761307941,114019.757506445,95136.2680611916,"0.90391187556785"
"989","sp|Q92896|GSLG1_HUMAN",203660.911685113,130291.361719387,140837.10292756,217841.724028476,292229.6958088,317483.949742922,246239.038841425,378790.283323223,377380.698305346,321743.568029778,317352.609506831,244733.37467843,281762.839171417,"0.547370502805418"
"990","sp|O43399|TPD54_HUMAN",261176.00027345,306811.424638253,327366.657077646,337743.699931154,328386.750858075,383080.386328174,424435.465810604,491519.769662536,400544.747280698,592309.378510017,457807.196350702,384329.2284885,427742.009549095,"0.509303840609709"
"991","sp|P06865|HEXA_HUMAN",773131.398848242,719454.390208852,310446.634630603,390068.424129952,294585.066070218,289869.235643545,271935.278229689,658662.871877404,643628.774519077,394303.618501239,502190.291593862,314591.875947837,352629.720550352,"0.359642471437814"
"992","sp|Q9Y2A7|NCKP1_HUMAN",121145.163752301,108201.170417037,250947.790596454,154559.570765136,173773.332042642,137199.529674962,132487.127402321,153537.133072387,133604.401727208,144087.972613106,179335.712920007,104560.151944232,104647.77494437,"0.665981849726081"
"993","sp|O00764|PDXK_HUMAN",1045021.16381161,1262684.23698566,290950.993755161,381312.6625374,749080.404112411,823197.391445144,79388.0749688309,1079485.3322188,1151163.78750385,275878.275412035,285710.068304429,872053.971215258,818922.67069707,"0.975027424070782"
"994","sp|Q9UL46|PSME2_HUMAN",963083.820141079,838274.315295671,1054196.32779278,1198232.97561736,986440.380033983,1150763.76215077,1593894.70897512,1896735.08776661,1673635.40658563,1887078.31577583,1751018.8661874,1840013.91694821,1674051.19898564,"0.487456662016087"
"995","sp|O43172|PRP4_HUMAN",54415.8262413193,41508.2406807084,69768.4191799526,67793.2014505381,79624.1310978531,85780.8161284987,72018.8214142489,117516.089496099,102024.120801209,128526.831468801,136014.019836334,136619.351897948,126403.412063958,"0.588215760245068"
"996","sp|P43686|PRS6B_HUMAN",415528.92317478,345005.482630357,420857.601725209,327653.002765426,308043.89232892,353686.272433005,570369.172359461,341183.741948907,367907.881493699,416708.88491043,331555.679191226,305002.929894255,241151.302930645,"0.503876938827947"
"997","sp|P35573|GDE_HUMAN",127877.291734278,121385.946810821,142145.751801291,159275.809093558,80496.6449978822,86252.5555144013,117175.959720566,290057.604385832,211168.027793151,134030.967808902,136068.796425017,209968.130293805,231381.899922261,"0.0619861046948203"
"998","sp|Q13242|SRSF9_HUMAN",226560.685144429,110639.822220656,84439.9130617178,73026.8255146281,106796.740976571,113704.56491463,88980.1766195104,138135.996108081,139470.453881633,63732.3742436227,74032.7939992891,211444.615969853,252420.358047606,"0.983304628537091"
"999","sp|P60228|EIF3E_HUMAN",75292.8897381924,59809.7480004819,79882.6477714651,96015.86300982,151332.441870592,145855.02175844,49389.1793529066,282357.411556544,387203.222365997,314064.34479037,299052.569670814,236915.970514556,192477.308200245,"0.534463408265931"
"1000","sp|P35637|FUS_HUMAN",127215.066460053,97787.1979053655,218638.594364648,127867.002291079,276662.048383866,384805.691036027,172665.266161327,355853.476169432,272654.489021202,226772.029989968,240307.104945166,169456.546208,269445.834658201,"0.520325781150157"
"1001","sp|Q9Y6E0|STK24_HUMAN",128817.107141012,124344.700275227,75677.5916762801,103352.521150421,106781.094196024,120577.889936724,80830.3695155093,99102.4912390196,110080.938428223,58913.9907072616,72107.7226830344,113091.882457511,101166.901290438,"0.799104184120093"
"1002","sp|P19013|K2C4_HUMAN",101342.208941692,81294.9361702714,215620.491974054,174274.07331479,425859.20696557,441144.310166323,76346.5725507843,158447.484197751,164139.568173639,138211.36208616,132012.036290242,105121.31126289,124249.569155677,"0.473922200140996"
"1003","sp|Q86UE4|LYRIC_HUMAN",212546.722586168,330204.731629103,440832.046587126,582014.514665666,554211.100656413,393416.950275839,506620.990750331,714492.905351401,749040.141466811,734062.786365027,911061.604119422,780960.253508708,541740.062790517,"0.694666781834786"
"1004","sp|Q8WUD1|RAB2B_HUMAN",289643.947158697,276895.598231438,474931.834747848,274969.130100124,222069.261747211,166948.198749623,511829.262817876,569589.088467846,651450.382527935,161176.598458369,150327.344654015,439964.563243039,638314.884202839,"0.209749965951493"
"1005","sp|P51648|AL3A2_HUMAN",2968288.99529528,3031684.20201663,1096909.67713863,1075047.16678166,1656401.73395256,1594133.13709859,749863.611840963,996059.596928915,1105104.47524776,1039321.08620504,825603.290714205,1065711.65514886,1253716.13483395,"0.576795437923252"
"1006","sp|P28482|MK01_HUMAN",3212696.12159035,3608458.51464034,4391065.84707895,3831136.55917574,4571395.80617974,4667438.10605426,2436663.81250547,3273225.5291049,3057622.51556825,3365483.35321664,3793806.5143675,2765276.18027284,2082236.1602566,"0.312789980078598"
"1007","sp|P53634|CATC_HUMAN",703110.429148708,542915.372698993,353752.845230481,396950.021939284,254618.718073104,324670.414744629,300474.086473907,466813.49877836,498798.472290225,507052.681607216,527771.416424244,807941.897849685,986094.373788236,"0.725326501849137"
"1008","sp|Q9Y6U3|ADSV_HUMAN",108845.169885145,64460.7396879087,101457.384293742,117590.005314706,111750.213450621,78359.1302716439,239880.425043108,39164.7959767494,30483.0677451343,61691.1015141068,61780.6320460785,424406.348070482,513883.030418294,"0.272438137465299"
"1009","sp|P54727|RD23B_HUMAN",761279.333181956,750060.027660502,709230.809237046,721622.832230057,970913.732313632,958281.671383237,640449.884779086,393372.127923947,407770.461260916,556746.110293633,554285.739079438,439667.513635985,484963.699171735,"0.333846199038816"
"1010","sp|P27694|RFA1_HUMAN",323735.729363385,343057.762937036,505815.754061949,503246.684871739,405128.859005342,407983.221099898,485171.242300073,566302.510061987,580742.280014914,776311.615742149,748320.324154733,408790.498140558,494830.757153655,"0.810640663874144"
"1011","sp|O95571|ETHE1_HUMAN",1461045.90683627,1443369.59006922,1346367.49932503,1390914.89046659,955580.073555055,866713.856542639,659248.080364021,1305399.11272331,1385531.43720344,1564397.2258843,1609120.33874256,990775.083493728,1363117.6035861,"0.303887986563361"
"1012","sp|O96019|ACL6A_HUMAN",327696.514250962,398714.377841018,481349.857180965,483778.479906804,538274.286151986,495293.662005779,408114.26422363,1180197.52084544,1483692.37072434,736608.010916738,782598.054353912,907385.64249115,782712.132028676,"0.298015181825052"
"1013","sp|O75165|DJC13_HUMAN",118786.034295551,99437.8846469478,231682.220771522,225856.302308816,166217.273966662,143274.338454117,314985.374244961,341536.476988827,337945.005119872,213727.574693462,248185.514001954,173851.003980044,197784.731922399,"0.572372010579975"
"1014","sp|O15371|EIF3D_HUMAN",253244.165141709,193573.921953324,423044.878370237,366845.937961927,346772.949536097,219459.99959597,282062.853696739,282413.237739299,270740.846280797,210742.922542322,289561.740595784,476654.379844082,311912.689816058,"0.438234263002174"
"1015","sp|P33993|MCM7_HUMAN",82741.1813749993,96152.6219580788,93136.5011742655,104068.148668581,98737.3022130881,102186.775791571,118037.760186903,509290.133011355,518076.990526148,386583.467079288,379218.994189197,449788.677789791,442286.012485483,"0.394834543593462"
"1016","sp|O75694|NU155_HUMAN",194164.287275959,187629.828968966,204228.91696727,149220.557504904,203201.057772718,275578.200655209,138052.019355514,545866.611710602,563162.697011373,309550.250189117,270890.708682025,335703.311213459,338925.916429383,"0.104982569407071"
"1017","sp|Q06210|GFPT1_HUMAN;sp|O94808|GFPT2_HUMAN",877910.631125384,761104.481274682,648303.81446388,677716.21808248,501493.342580927,500304.224080424,1234999.70525778,1094715.31194085,1156179.26233853,869465.716122549,871434.667899206,997024.451053673,901836.9984536,"0.195657890557353"
"1018","sp|O00193|SMAP_HUMAN",33693.9611027384,42946.3551104552,38758.5742733407,52218.4986843786,49222.2677853735,57979.4356225013,63422.1382242568,272563.161004399,222469.095395946,132561.511543572,198661.808694669,313713.029549425,261428.4821692,"0.393400222196751"
"1019","sp|Q13011|ECH1_HUMAN",2800767.76762721,2348201.56198565,2343286.97978705,1396369.41768851,2062962.59076731,1311416.79100799,3060827.44205336,1150026.73808067,1127866.83236816,914980.327765965,863876.655814053,1531179.43854658,1932868.65135821,"0.666693993188007"
"1020","sp|Q12765|SCRN1_HUMAN",272666.562171984,266702.223853318,227651.609028482,293277.668761119,401841.233626032,332183.120021551,290378.120785062,300633.732177613,278275.720382127,562531.206641432,448084.930085286,389036.03610573,371493.482333475,"0.67784002613667"
"1021","sp|Q13630|FCL_HUMAN",442742.966571152,358321.874113694,324395.079591855,344118.221103595,359792.265069428,283092.848586161,1311611.75483813,191984.487474274,203873.500700914,255999.803920783,314744.680865147,307866.131434345,288203.585555462,"0.331065256312269"
"1022","Int_P02788ups|TRFL_HUMAN_UPS",1767724.2859075,1305438.09169345,4302859.49248754,4109045.59892304,1778934.46386956,1526650.67148018,5826981.60245603,3438308.27345197,3466622.99571587,540504.784238496,635668.659870473,1052057.58014555,1196897.41223773,"0.835349914518059"
"1023","sp|P62753|RS6_HUMAN",1569800.19924001,1720865.58799664,1486869.14840066,1453605.9675665,1847055.90726272,1820658.92931519,1878280.90278457,3356594.96701241,3737978.58536083,2688049.93870214,2877545.4381329,2525222.22880698,2474190.99762857,"0.500053078268023"
"1024","sp|O14950|ML12B_HUMAN",3052973.85033374,3363078.12723982,3275974.2068821,3327414.65547431,3000219.63873162,3941903.69141377,2275657.7186515,1434021.51440693,1227721.99544263,1534769.29202147,1611141.4421446,1863060.79592786,2228344.42185021,"0.534684691580634"
"1025","sp|E9PAV3|NACAM_HUMAN",2261443.74286331,2460286.87093767,2017793.72100155,1667835.20440243,2191312.13958927,2244063.17683506,2600000.37480153,2463313.49083741,2408261.26395262,2427564.77009275,2507624.26977834,2305978.98461989,2556468.09003413,"0.72688493520333"
"1026","sp|P48637|GSHB_HUMAN",1600749.40488429,1793916.34912136,1160976.36683611,997420.825634596,902587.556653643,845761.997959114,2011445.51875501,1023726.12178224,1063909.04833544,953555.031712429,981273.113485951,906962.900543131,949744.557909944,"0.488920076251676"
"1027","sp|P41091|IF2G_HUMAN",2416.58684246124,219.880155552122,4761.65315529341,1593.17975470358,486.564662445355,527.62126204837,1568.94530322221,15803.5185679068,11757.1336672428,2701.08055726618,1352.71038123007,19187.934983502,29708.1729463341,"0.104936115324846"
"1028","sp|P53004|BIEA_HUMAN",2179303.1138131,1760223.60956387,1650725.44089464,1664119.91923212,1358895.57909349,1388516.02944784,3044383.440925,1045821.68547545,1049628.71693826,928939.695853166,809035.806201774,1136376.30226692,1099712.31304865,"0.60478741846344"
"1029","sp|Q8TD55|PKHO2_HUMAN",743761.480120972,674400.778152749,351364.72262354,357798.972356129,610057.503211427,604580.212034835,276247.807478328,359735.674239825,225987.438761178,413572.718817896,462790.399398561,369018.762275109,431534.213364135,"0.342423664992739"
"1030","sp|P63208|SKP1_HUMAN",727315.049435075,643868.769493458,484008.162876493,492165.065831467,404628.940322595,359903.073882408,920058.429605894,492010.320112604,425632.206338825,350324.701600131,386459.084080975,428509.515808258,478648.545967367,"0.554574153655613"
"1031","sp|Q92882|OSTF1_HUMAN",1872107.12225177,2142841.55566542,1111941.82831035,1116797.94911151,1821056.58305659,1977244.07775489,931513.312535892,837992.62372718,836677.604355268,657512.801517063,646443.93384963,1073016.49878262,1231867.23010833,"0.653510087713467"
"1032","sp|Q8NBJ7|SUMF2_HUMAN",528441.78653358,789735.974201864,528275.085779206,434128.396204452,342218.665623873,347585.93575399,217606.228572537,508478.766302677,496634.341273808,948833.780130168,721427.948210004,147345.996632576,188779.902761411,"0.524767259470292"
"1033","sp|P46782|RS5_HUMAN",2756580.82035414,2043497.98248012,1087725.89743844,702277.003693399,1994100.38060281,2131458.3947971,255382.83058446,718297.448935038,769421.74141566,3532921.26198659,3787316.3632255,3054372.07043014,2405305.72393882,"0.500216133545096"
"1034","sp|P52888|THOP1_HUMAN",252921.305567667,222089.208312801,190815.717051052,152127.696765392,184380.620037985,193872.079562849,280876.682827304,400590.166911121,364154.568010512,198127.314714958,168261.111432627,446532.992245327,566883.446943842,"0.170252756821311"
"1035","sp|P52597|HNRPF_HUMAN",916374.224445529,568752.656820021,692687.936052273,756724.442776165,941735.253336925,899030.88148454,940572.091262152,807216.928810639,829351.075753664,719378.87657225,781504.792603103,1589151.18849279,1513306.44707355,"0.295857523166847"
"1036","sp|Q9NVD7|PARVA_HUMAN",1531019.72368843,1471905.7097883,2487069.18934941,2044987.69007971,1848245.19651917,1834221.27351997,780003.998963292,259119.453105174,190038.883726337,586520.592378427,693076.335426607,234968.293300796,299792.266790192,"0.32705253034038"
"1037","sp|P00387|NB5R3_HUMAN",1317757.41873714,1589361.93742331,936254.79159023,1201327.56808653,1373391.08348214,1504614.12020531,1416920.52463695,486130.156659107,374034.53772814,842508.298346878,891961.497550466,648872.902049143,778746.391576465,"0.278741906566416"
"1038","sp|Q9UBF2|COPG2_HUMAN",216805.105481833,209514.933343232,151315.90664209,158780.25509764,152816.877100275,231953.347993572,173543.851371594,439572.177543578,400890.279438506,338679.044584387,298552.289589283,218584.316358862,236467.963194314,"0.504479649798101"
"1039","sp|O95171|SCEL_HUMAN",919862.101190827,857927.059869522,1044805.88962058,1127344.74960618,1568162.36446001,1415411.07183598,292755.908667828,173328.823376923,135957.884645534,115059.681283149,147048.383859995,233043.747350362,193206.628383381,"0.514731214309269"
"1040","sp|O00567|NOP56_HUMAN",301255.732940597,309502.49700754,218348.082931829,478045.43488586,444247.297372863,530169.905898857,267127.615084667,980973.044191099,840479.798614378,732936.844767746,649637.680351869,825124.518309355,803981.53357349,"0.330840825527488"
"1041","sp|O94760|DDAH1_HUMAN",292445.442342362,170065.781757686,398827.69831917,457393.976765471,511755.582767646,253392.380841264,253508.087471781,118424.318918516,98203.1417732458,148800.165951714,128980.600148322,158889.831625598,196375.610400405,"0.572894949111417"
"1042","sp|O43294|TGFI1_HUMAN",281670.889687244,291265.743830647,494984.844615238,533872.598645376,706411.14824835,603931.099065642,322743.483225467,522309.997713488,526510.558835729,451192.558417201,426599.013808467,199820.568825807,205348.328467643,"0.942457176670839"
"1043","sp|Q96JY6|PDLI2_HUMAN",3226209.12318229,3682180.55332477,4335128.87974093,3732063.21023836,4476052.93326224,4198031.1580591,12200511.080334,811689.143848088,792478.591026584,1106150.86258039,1219699.76095148,661509.524920695,856815.289889797,"0.417769382890008"
"1044","sp|Q6ZN66|GBP6_HUMAN",8818.24539988894,66943.7201893558,48393.9181856012,91807.1139060031,12608.9047719522,11395.8326478693,20372.2383189173,443018.638838696,411335.027999763,13166.0849727692,9481.7068399822,40117.4277309147,52714.4040478478,"0.279185109291119"
"1045","sp|P49321|NASP_HUMAN",112365.07807001,98159.6845003545,121129.023607177,76853.0077282611,140024.553547983,132465.85167713,97321.7486557489,555345.332760336,718391.011118667,268415.641339656,260360.448887008,186552.158814599,184651.813305753,"0.327488657311941"
"1046","sp|Q96PK6|RBM14_HUMAN",301145.390986717,316118.46909271,367583.116572996,338418.867092252,343790.642524206,330214.803553668,475359.878294732,644119.165514924,582904.291574418,384874.452729854,391859.0902266,648734.952092107,575252.433539291,"0.0750171374802275"
"1047","sp|P08237|PFKAM_HUMAN",819369.06496406,814046.663760274,740500.905031546,604681.988486342,958878.394864657,893320.916232469,929963.936083815,1229852.61428364,937317.770883906,726987.749784715,708114.945127134,473913.956061173,386893.428282856,"0.346854882323217"
"1048","sp|P15121|ALDR_HUMAN;sp|C9JRZ8|AK1BF_HUMAN",1466359.46221252,1311536.41387569,546457.5008411,583653.36873921,667250.395738564,784374.127181764,803234.661071372,632304.441886859,617294.147797625,701747.617628135,746668.757093993,958099.06310751,938693.183605863,"0.54086675236394"
"1049","sp|P16278|BGAL_HUMAN;sp|Q6UWU2|GLB1L_HUMAN",1863703.00340008,1950987.34669069,749394.670961016,745567.381220207,580631.250059007,658645.414606697,574384.04157238,1484415.01455665,1562640.41782783,951793.317779087,1211830.98153732,1003541.50795567,1114325.95152218,"0.449560645637687"
"1050","sp|O94855|SC24D_HUMAN",118760.168048589,80534.27322409,76741.6420069551,87986.9439007797,179739.900022968,164937.791346226,46224.1145779425,250195.23406671,227154.675195588,630748.917424206,630569.89260511,204659.717974256,248296.765733665,"0.966867871966616"
"1051","sp|Q99460|PSMD1_HUMAN",404742.536584875,416082.885965553,528396.121250539,713193.172776888,370032.536305682,310361.370090546,597101.433436905,951284.129408975,887627.492545464,517627.033603384,362486.652983408,675887.968410812,818422.531076791,"0.0481026467233868"
"1052","sp|Q9NR99|MXRA5_HUMAN",18459.3870616479,23363.6132983701,50743.8034097675,61805.5833231979,48880.4192149937,43970.9706320814,133179.996690915,171635.409934058,297095.117309796,366480.52491968,388670.23426572,94947.0235848966,93412.0597788697,"0.851622834956818"
"1053","sp|Q9HD20|AT131_HUMAN",311776.75757051,244277.044037435,264100.472825887,150024.790567033,460546.861378437,459411.707732028,175137.239824292,715384.367941145,706744.664995144,959178.244568949,885909.104709986,346340.655027565,554772.834172,"0.805883490245347"
"1054","sp|O00303|EIF3F_HUMAN",169681.207467057,192777.955242385,249423.408881757,282095.48696488,368093.772695547,390484.39882567,156035.57246233,439488.140533421,440309.939833974,421268.851274611,618637.302454839,552177.879629381,545325.83091448,"0.684219824507948"
"1055","sp|P11387|TOP1_HUMAN;sp|Q969P6|TOP1M_HUMAN",175294.798230906,200949.642878115,192049.651609359,180622.661741406,240139.592467509,271127.275155962,152443.377552207,489351.515875685,635620.787072845,444377.845743284,490131.137782901,438596.289727482,371037.485355001,"0.52486935850997"
"1056","sp|O75436|VP26A_HUMAN",887654.546924224,837030.048492871,1108195.04472912,1037848.09418721,1184456.06213721,1097201.88963041,928716.335144303,964792.675461122,1070348.9996037,790938.520684378,994071.866556064,800115.638152879,795088.585884982,"0.562004217854778"
"1057","sp|Q9Y2W1|TR150_HUMAN",128407.668094485,152810.390066507,151401.115613909,125233.237475984,184456.975322544,210332.627990744,176321.958510189,195429.576512478,261033.418725505,181299.148031842,291023.522715216,302508.119531792,300891.992471554,"0.605362527210241"
"1058","sp|P30154|2AAB_HUMAN",92809.0709093687,146254.889333311,36792.7605134589,53995.4302132878,37142.997730335,36918.5678883937,168867.771742404,47613.4466172642,53147.7722916535,12528.4016389969,21321.1659861229,43161.4265721462,27278.7628309021,"0.603129432256218"
"1059","sp|P61026|RAB10_HUMAN",21716762.3788695,16404433.6581251,15515000.1403781,10201252.9446258,19565787.6405516,21113669.820908,13887456.6396863,14794336.6442344,10416646.6806513,13577463.4439465,13153452.5799714,7993995.21282899,8736587.44902829,"0.350978450314188"
"1060","sp|Q16643|DREB_HUMAN",154877.898028002,170667.434155878,409955.643773426,324804.229963218,370699.941357979,368822.686878392,273317.791630808,253242.532159316,234284.895642095,340012.291995889,315816.900774795,212756.230264163,192335.272162766,"0.820038086419565"
"1061","sp|Q9BTV4|TMM43_HUMAN",1089112.7413994,993192.912341453,1242936.0422231,1288968.75279273,1189379.90656262,1181503.34455707,783107.253034981,892008.71199633,850219.889053429,514019.686807899,530576.020662595,712700.078561326,648207.576132633,"0.670612117821062"
"1062","sp|Q92888|ARHG1_HUMAN",187041.933734332,113117.328820181,126418.052667403,152156.765837049,208186.138474138,268340.439550758,90782.0018205115,256318.833480433,191365.845962092,212526.660332099,205135.205845671,186990.126434912,193934.955463282,"0.873104604724935"
"1063","sp|P56545|CTBP2_HUMAN",227225.487701218,261867.897177903,327371.687188453,260370.74424747,316427.90272939,341872.209224394,419277.806248645,266519.721909298,238449.441305844,198566.182611564,259438.034174931,389867.761865772,275128.501747207,"0.456433433985166"
"1064","sp|Q02880|TOP2B_HUMAN;sp|P11388|TOP2A_HUMAN",42783.14991519,43258.7282683863,92045.2147189059,91158.9651094153,57766.6477220188,137538.95450405,36854.0493160742,234485.774167946,235505.650823028,130465.153090401,79209.0377924223,293721.091040809,266190.774713075,"0.0267696216237226"
"1065","sp|Q8TCJ2|STT3B_HUMAN",463957.390800828,448906.726462518,328641.358259274,408993.377818217,433191.649469988,380717.995586677,764847.910399821,892332.172085089,949077.121668257,632356.076669707,648964.642034946,529605.882591823,635718.877001676,"0.389570561736209"
"1066","sp|P62857|RS28_HUMAN",1157040.00693401,1320713.43624667,2641211.88749598,2334742.41054553,2187160.54570803,1994558.75907273,283488.493376783,1748659.01448075,1495785.33528658,1877338.51891508,1892004.41862695,1605017.13277977,1950276.67598976,"0.63103668026003"
"1067","sp|O75347|TBCA_HUMAN",1500012.83779998,1608270.94849431,1320540.30465854,1272308.69595753,1067845.30613973,1194313.76911156,3118180.35603543,1176708.4606552,1241809.71808238,720830.191703286,773968.873846109,1376786.59513821,1416557.80711906,"0.947077914478822"
"1068","sp|P05362|ICAM1_HUMAN",1228024.37551538,1182318.01845345,1238835.98445286,1061454.55968062,1299627.36313796,1342441.11432956,285097.784473973,348632.346727525,316640.751104644,553174.113072829,544692.124629154,425657.917384279,422785.547682996,"0.422159016799519"
"1069","sp|Q8TDZ2|MICA1_HUMAN",263315.304406415,278723.958994314,130649.981836269,162734.985379872,187888.946190772,179015.729600371,109687.915415714,302284.277304045,297134.503890972,258274.210311105,296419.60439673,268033.884451133,270779.565165979,"0.935611715775396"
"1070","sp|Q92974|ARHG2_HUMAN",393221.690268733,450046.227230991,219272.197417999,225845.610769998,285296.419274783,319474.306623426,243494.201682392,378323.578138386,424931.313255691,282333.896002742,275967.019847006,243411.929180713,229481.271462069,"0.596949731465547"
"1071","sp|A8TX70|CO6A5_HUMAN",49478.5133939006,68877.401890254,287011.492003421,298048.149621046,363644.987207717,292169.092801595,357276.753342109,19586.1893905601,20499.8349815857,126806.077283443,108236.151447059,17847.1714320716,17480.2416635472,"0.631784901846271"
"1072","sp|P14324|FPPS_HUMAN",1077747.47436141,1277106.72750579,925545.034198996,1191142.44051037,1182275.22515623,1022228.92049542,1727153.35806698,1052717.47372869,963109.459162946,781789.482630828,774459.293924207,761738.757852362,623393.199791476,"0.505795733385135"
"1073","sp|P23588|IF4B_HUMAN",181432.206068533,159880.975374595,149301.889402154,199188.605303802,164033.15285815,163846.212161407,92719.7018417596,413873.965455663,389191.361077887,284909.171545645,268941.261080535,230834.327722405,213357.665504463,"0.42713760994813"
"1074","sp|Q969H8|CS010_HUMAN",3545738.69466964,2859810.56069977,2642840.24143262,2481327.66680761,2469273.25360251,2196328.14197829,2758416.33720328,2716889.96774967,3158894.22023703,3756160.5434839,4304946.86240186,3612171.31338613,3981923.53058699,"0.748129461994365"
"1075","sp|Q8IXM2|BAP18_HUMAN",976888.089043231,689133.881879108,574658.308781924,635779.808171643,550141.002314873,456355.453254441,1702358.62088705,525824.040606877,402587.408622766,530165.411175545,560598.581505282,515167.098007488,582042.639886647,"0.43805332021041"
"1076","sp|P35858|ALS_HUMAN",482627.258057855,512906.679166353,808147.558664558,662637.021112245,321812.355648818,318984.462707566,872955.487171994,85335.3846475318,83075.8535024126,249386.273365632,284595.01268573,227269.129260585,219589.285528571,"0.311842734731986"
"1077","sp|A5YKK6|CNOT1_HUMAN",43989.6657147608,31287.7718587293,74847.883217592,61599.3589534321,118254.890110658,72672.7947808756,20706.7511842774,140392.728904666,146850.476180204,153876.305792356,175053.153076931,104591.660780187,112838.125736695,"0.734006318441303"
"1078","sp|Q8TDQ7|GNPI2_HUMAN",8471.87709958725,6960.66295760691,21197.0044574978,17974.8316874281,37856.0496845134,30223.3113741165,26063.4902807515,16263.3553175753,10467.2557022667,34400.0224258658,42754.0864675904,1890.77044669522,3425.24543943082,"0.757667769822872"
"1079","sp|P15153|RAC2_HUMAN;sp|P60763|RAC3_HUMAN",9169171.08182556,8525083.85575391,6841740.33919049,7729109.21365532,6443554.83077989,7593542.90370408,8312683.9380315,14136810.5711573,14302221.2361324,8821027.20562129,8768968.3866476,7523760.20030964,8669895.9417838,"0.61983175667817"
"1080","sp|O14773|TPP1_HUMAN",6633596.42766968,5379181.28576687,1204562.91989443,1555202.99002292,1668917.88560547,1744618.64453014,2059084.89223809,2619290.29714464,2924661.84722895,1251607.50750433,1323210.06243792,1653373.11278787,1540261.31294926,"0.553007207664833"
"1081","sp|P13727|PRG2_HUMAN",406235.531423279,453447.907942071,98710.4179378215,84665.7747806934,298205.784561905,273628.029176968,539210.654310622,1394289.61049342,1714576.22337138,356058.522873435,454721.501953821,4577847.78311947,4583792.88879574,"0.114227641751468"
"1082","sp|P49773|HINT1_HUMAN",916202.749805552,1024425.11659438,999197.707515493,1062757.93030541,900841.604602084,884544.22255133,1274807.79605806,1087645.10010238,951362.192515462,595889.229212415,593278.810156756,1108383.59957965,1193069.28637614,"0.571724697180163"
"1083","sp|Q15717|ELAV1_HUMAN;sp|Q12926|ELAV2_HUMAN;sp|P26378|ELAV4_HUMAN",1463865.97364567,1426612.32551362,1534373.12063713,1538241.09463502,1417259.46333573,1329681.95376539,1993259.12815821,1617501.50129659,1673275.98680566,1718652.10171218,1562394.8652643,764453.996922823,1431087.91114519,"0.666154706864758"
"1084","sp|Q9UBI6|GBG12_HUMAN",1969982.72436853,1849715.5570568,3105691.2703433,2736098.39771516,2627209.11642747,2598452.76525042,1389774.46392429,1176964.85719405,1044440.97556903,1388101.31250861,1396530.7033739,684186.03236155,711350.451952129,"0.216738218845663"
"1085","sp|P20340|RAB6A_HUMAN;sp|Q9NRW1|RAB6B_HUMAN;sp|Q14964|RB39A_HUMAN",5695197.12653072,4777247.30343833,6097706.89189522,4958787.64695827,3929481.0458844,3766598.30305157,10476519.1921678,3034084.3500123,2271600.27037172,1949856.71542855,2980711.78823404,2639527.10007951,2468735.26153119,"0.395882126756314"
"1086","sp|Q8WU39|MZB1_HUMAN",820280.618477129,827865.609542664,655652.604806276,930678.250263266,800524.742767663,818080.615237707,2135733.43708798,2068101.98879184,1793922.01607416,1852330.50119286,2176515.03078116,8195524.50390871,8269746.89831685,"0.139940695200988"
"1087","sp|P16401|H15_HUMAN",840114.521335591,913795.370600516,784083.902199595,822518.910809645,844019.590051458,811910.196003558,948067.704353798,3316115.88170195,3284479.9151272,2617767.4393172,2223146.77977151,1934320.88753522,1714003.1292097,"0.429122847230479"
"1088","sp|P28066|PSA5_HUMAN",899862.308170917,891576.587437279,797552.048858215,875562.548955804,512983.547131572,499125.633301805,1500034.68545533,934387.695059635,959868.602285814,779155.846307126,768448.632867347,862926.587361154,765758.489307375,"0.936678309222815"
"1089","sp|Q96FW1|OTUB1_HUMAN",576210.103045528,512639.367428582,316976.957737736,293023.786178601,441364.086940335,455830.610730267,424854.30152283,612884.402743267,514260.508265351,416986.64522023,463851.720006643,414923.181987555,445444.321126997,"0.422713355440841"
"1090","sp|Q9UJ70|NAGK_HUMAN",775325.96128308,903148.890173769,433717.664107184,420850.044748663,608208.593564793,567177.132355321,465963.05682912,1042757.01727,939267.03632382,759777.464100513,781747.221607672,733162.080379505,753238.827443733,"0.710451101073011"
"1091","sp|P30626|SORCN_HUMAN",363386.959434363,349181.852281757,355732.169748008,329337.816470629,438414.88342575,398544.74585486,465252.886135098,206405.827330456,193286.13452308,260537.323624587,222627.289157134,486330.74957284,416748.348808244,"0.820268374165664"
"1092","sp|P26368|U2AF2_HUMAN",198574.134777426,203193.465852737,124888.706507289,167534.728383578,260408.288492286,198141.819626677,114818.139179189,260000.691904198,276021.067300635,198602.308782562,243152.698235516,258756.067848527,327227.26990256,"0.284381895267686"
"1093","sp|P36543|VATE1_HUMAN;sp|Q96A05|VATE2_HUMAN",1304743.54487662,1627743.08716785,551354.595641837,652415.003758377,436950.07641269,511798.434046246,557515.952230601,1016432.09628757,1048510.79249588,706359.573656495,751940.985252186,689983.070786488,692503.700104696,"0.527074529571401"
"1094","sp|P08294|SODE_HUMAN",1104332.31407667,1196135.37531053,3069514.51009598,3672551.16903372,2401471.55552124,2408853.49116165,2570537.4243283,344496.880052009,421921.708580367,663171.969053435,739964.857787703,358648.436038748,354769.121212664,"0.222666125581337"
"1095","sp|P61081|UBC12_HUMAN",814797.982799373,631355.709362756,475208.05937749,498801.971109833,410221.093154739,457127.251572167,954362.627702229,754990.800510242,658467.403125496,443607.21970532,550652.446633783,429082.576707907,550099.424334257,"0.435235130354992"
"1096","sp|P42167|LAP2B_HUMAN",507223.439550169,433746.794014349,772429.917119294,502882.18980427,854520.273651133,501703.007357543,597266.551881072,506592.870320995,341173.639715561,574309.667853944,404745.251847453,398625.251335268,521406.623063291,"0.91423536904597"
"1097","sp|Q969G5|PRDBP_HUMAN",684672.21642751,694826.44053038,766041.976202782,687832.279058721,842107.468085123,875523.935256702,873961.560537307,111496.873579339,114114.639435611,320908.199889677,395442.554675502,190238.623765445,186911.742327916,"0.260149397032314"
"1098","sp|P57721|PCBP3_HUMAN",152538.700124187,94916.8702900687,18218.9060023713,84563.7265940467,204349.449490274,63855.0922839917,130192.907346711,46275.2403890681,38254.427809726,72461.3624016811,82899.0463559565,104478.484550197,182157.547733617,"0.65812999359371"
"1099","sp|P49720|PSB3_HUMAN",638278.051080086,599167.106969355,560968.313136297,686397.570556332,262865.714305456,240667.495423062,679707.453720677,328450.341713223,242505.567782771,219451.113156984,192257.35966216,524068.889368569,581141.111094324,"0.826189602944667"
"1100","sp|P23368|MAOM_HUMAN;sp|Q16798|MAON_HUMAN",570685.621652321,700275.285560633,361458.422948962,338816.077074085,425945.351094368,408862.647380669,372417.429085984,936086.499147819,1075421.06493826,474168.56552307,570251.063881828,748166.411709517,864804.090810865,"0.174003938988663"
"1101","sp|O75223|GGCT_HUMAN",790867.475019997,753268.76349011,552095.169745013,568898.614879079,327237.003453316,406089.673734429,592923.039345306,717275.08975325,774984.706519331,332532.06585492,394087.317889589,368190.020357751,380661.959915236,"0.601517562866175"
"1102","sp|P26440|IVD_HUMAN",301010.751246332,327024.419666793,309181.699328872,280168.653802406,211020.850462689,211321.043722552,176028.143990614,185908.832478268,168075.002835175,190430.821287972,213548.511451283,239760.43782457,216238.553948642,"0.437861686878578"
"1103","sp|O43747|AP1G1_HUMAN",181665.363508978,156593.562796572,185815.311558428,198948.061631164,235995.623898151,254020.839731217,147605.984922348,222748.952913967,234676.473925181,333946.952478575,292413.805472493,231330.240589547,212739.823110113,"0.742625363227458"
"1104","sp|Q9NZA1|CLIC5_HUMAN",658111.169518625,1064069.54018622,1823870.68513743,1910213.74709375,2311792.71287814,2275130.23618841,1318867.29768773,155604.655508657,158704.798343184,357826.147759811,440713.3414451,333938.536677346,237558.350464064,"0.225703245705576"
"1105","sp|Q16762|THTR_HUMAN",911904.21470943,1004786.37896654,531816.707421012,630332.053744357,757657.355669588,775979.569516105,809417.464614876,953710.651300445,867947.455900024,762120.630311422,811953.787676914,643704.017459449,766315.829566502,"0.266591190662674"
"1106","sp|P61009|SPCS3_HUMAN",517140.235953115,453605.135761958,497054.649658346,441576.991649475,677947.701283532,706632.806428367,618331.397426227,955528.028709202,837359.80873418,1408213.7768806,1466418.3510617,1299738.00658903,1451090.35211868,"0.639399822604512"
"1107","sp|P61923|COPZ1_HUMAN",714410.783606531,673113.456897009,509244.27977516,408309.541613031,594309.751299297,530900.593839177,419822.34363674,789205.331227649,645009.396539443,866858.969403073,863880.93664904,599103.09497888,729735.164370459,"0.650535698913084"
"1108","sp|P62834|RAP1A_HUMAN;sp|P61224|RAP1B_HUMAN",1737776.10526741,1819593.85934594,2556767.27471908,2059729.60683605,1413887.0335798,1395331.26477386,2216719.7883929,1117646.4564801,1275708.07400853,822046.556408687,1062181.17096264,929679.449502949,981366.209356055,"0.451762886163978"
"1109","sp|P09543|CN37_HUMAN",229369.302379564,236396.564654233,260299.760729546,257479.188810069,252836.932290027,228780.919917834,330286.853390273,183470.74651137,195490.749506133,208660.027311644,210444.913890094,131728.346239965,135557.03497947,"0.0819125450396537"
"1110","sp|Q9Y383|LC7L2_HUMAN;sp|Q9NQ29|LUC7L_HUMAN",108048.441987033,97091.6866180973,105131.110044401,164790.917115959,141384.740580001,213406.64819754,68853.2158749677,265067.754834953,287758.959875496,273573.796583317,313572.737353247,255555.165153257,181846.86407998,"0.70349950409367"
"1111","sp|P08571|CD14_HUMAN",1964151.21505188,3003649.64040009,2667258.12987926,2607840.12628806,2087011.18980894,2140506.59613089,776980.501534325,1187458.32072573,1521847.71005024,1176326.20983456,1163642.58018622,1616558.1960061,1689092.65680899,"0.800636519114436"
"1112","sp|P56537|IF6_HUMAN",775898.671684996,925363.695058484,835594.26002356,1009016.16967542,993501.374667333,759827.197194947,1533669.42407042,2308755.1293637,2293422.07208773,905356.561140434,891288.849277257,1666593.60826965,1834610.10767672,"0.0654299258362723"
"1113","sp|O00534|VMA5A_HUMAN",324155.148858277,312800.384290962,442748.027644176,518535.277402437,430739.461539195,528956.188847874,335657.359764877,263546.335254087,276048.869330626,473368.361197195,475571.5703363,318048.483575627,297670.533575139,"0.756292541179932"
"1114","sp|P01781|HV320_HUMAN;sp|P01782|HV321_HUMAN",1499771.76734695,1009256.80920832,4122693.22306693,2204158.31251386,1188176.627768,962824.103527488,3540204.59574238,458516.32882196,378081.987799756,1264850.99475098,1352554.65750497,1169865.52491557,782475.513895549,"0.0771107429476176"
"1115","sp|Q15293|RCN1_HUMAN",1601404.99207687,1457897.92321548,981139.439642914,1340168.00516638,1424304.08281679,1362251.70049677,1043789.18322441,1905661.31735542,1970212.12343503,1680911.46134508,1928844.74891643,2207839.78610309,2262712.93842085,"0.339905569422107"
"1116","sp|P49755|TMEDA_HUMAN",257551.64584322,278522.905035236,217623.631130226,258649.723849794,79538.7076052528,106344.738319711,215715.245512569,288098.265700655,410220.57213538,294316.289591934,249431.855721579,515709.741688175,531279.657938091,"0.0610241041784404"
"1117","sp|O15145|ARPC3_HUMAN",295894.687191395,289316.750014454,301850.175112966,344198.341951822,192920.355248269,182191.096207932,129587.593535158,449224.249178173,474800.388291427,299356.730389552,292926.531350855,397503.580010035,419984.886187606,"0.0796030783199812"
"1118","sp|O60568|PLOD3_HUMAN",56176.4579229023,44303.781621778,56769.0727460168,41756.8818818451,62938.1050667674,74547.2285990169,65496.3161830175,295724.386656186,217138.555276224,110745.634952743,124673.25806062,111355.261496185,139231.358420955,"0.348475177897691"
"1119","sp|P32320|CDD_HUMAN",91389.8951532654,73480.6010226777,256946.55369273,97646.3563347826,47345.6119961417,36493.5555383436,225450.289600209,599583.020718669,756913.400914265,51234.8794170666,86036.8336864361,246548.712846498,149908.658393614,"0.259521958912647"
"1120","sp|P59998|ARPC4_HUMAN",1217740.41708149,887801.621262405,1007791.62626716,858115.757848575,954823.544423818,1342337.0416139,1218884.91311676,1202913.36997877,871335.528929883,1474098.57823157,1535074.89609389,1190702.24223641,1285562.11516915,"0.643113088759336"
"1121","sp|Q00765|REEP5_HUMAN",293855.534094504,222673.728923726,215680.864533648,180628.979145888,158940.397996579,200348.837228837,199352.236968536,239282.491308598,223370.957835551,190278.07248925,193719.130381933,207212.206825944,192186.777119501,"0.551364313075254"
"1122","sp|Q13151|ROA0_HUMAN",266393.274906982,226262.360390449,239869.323955265,237549.888460351,132876.622371435,268190.68412064,103242.573245268,165834.999872734,286993.792114097,401485.861522176,103516.259123568,271510.044786625,182511.46569073,"0.576411221366967"
"1123","sp|Q9P0M6|H2AW_HUMAN",443549.060607984,403853.848809862,275692.881382583,263776.716690983,423591.880428879,443053.299382478,197079.410831454,317927.208468163,329663.423043152,375159.774868329,511865.294610399,305055.756229915,371350.738965869,"0.128549064109375"
"1124","sp|O15460|P4HA2_HUMAN",55748.6559539684,45494.9541328631,100568.794414736,94273.4975139277,53047.6469068882,43801.9299955894,22291.4416694967,545400.112167044,468150.058458564,583761.351372808,551331.04561663,227663.234433754,213533.339737824,"0.745360781969236"
"1125","sp|Q9HCY8|S10AE_HUMAN",94549.0319224002,129280.121035521,57492.7791183553,72238.6825569538,99054.2687696162,250674.425392249,228792.870007045,1028060.19009859,809770.372168299,159468.535655624,125968.223534569,243667.087565795,227663.319863186,"0.182899330897303"
"1126","sp|Q8NE71|ABCF1_HUMAN",385612.319361299,483658.062968728,400231.555523206,411945.206229281,462692.717555035,339860.072169525,605648.244337606,369151.118267917,337586.018953487,344359.784029271,317487.104699427,360355.397464071,399067.22185431,"0.99595895368059"
"1127","sp|Q16795|NDUA9_HUMAN",160158.442878839,218347.233623196,229142.301324113,233021.382002495,317577.362799463,204028.246646111,591202.752254275,799134.177942288,773456.249713165,689141.95204972,869344.034557621,860933.745485148,698349.666884585,"0.592616296524122"
"1128","sp|P67809|YBOX1_HUMAN",936231.379546129,905568.996954941,361612.95929517,504489.562085002,756936.354478796,1058632.34892648,412459.762622207,2229861.60622847,2063755.48893056,1342196.50532117,1115341.93867046,1593347.45759046,1591319.35453198,"0.0368140871657121"
"1129","sp|Q9Y3F4|STRAP_HUMAN",690126.920162483,654802.282498711,507230.238302271,700982.988826538,394932.745532992,387692.379372611,116329.548084912,928099.744456033,1090245.30815561,912994.148093664,940490.618045128,770240.011695539,798642.188828384,"0.611659646228127"
"1130","sp|Q9UN81|LORF1_HUMAN",28764.013613022,28668.5693875788,46735.2745210559,22147.5612139301,45866.4093136291,35243.7344851384,46548.2740244086,592737.20789899,433430.026281551,26096.8680935411,62213.8118762869,57095.2763738237,42517.4666357746,"0.372712405585486"
"1131","sp|Q15833|STXB2_HUMAN",821684.707768479,816073.400221181,850202.498540495,777666.760343345,591949.909549421,724598.078770496,975609.633615764,565067.824286686,401272.294743907,541351.973333379,443066.133005539,411131.565367207,458665.194237375,"0.512222623542714"
"1132","sp|O76076|WISP2_HUMAN",158202.31152546,101458.323296641,871052.697780908,899761.547498288,704478.961667644,708078.402443198,344896.712584107,62556.9503825918,45742.2260837207,183907.535116455,122138.844591543,59324.484008366,90117.1067747802,"0.256020711376246"
"1133","sp|Q5TDH0|DDI2_HUMAN",2265187.8369801,2382615.17878926,1507337.24288775,1577605.69559179,1240698.62973473,1297376.54134189,3146860.76675471,852416.832369618,782634.418280618,517564.903217145,644832.806991157,668599.692298542,526452.298625471,"0.493059513882809"
"1134","sp|Q13043|STK4_HUMAN",128756.490280351,102482.651342779,62992.5602316644,82188.086006299,101958.29334755,96148.9712033167,61166.1612343877,79064.9933105877,102207.150294614,199913.086616313,185826.577943724,90734.837972523,78893.5461364752,"0.551797605348305"
"1135","sp|O43852|CALU_HUMAN",283474.555763041,227447.298321957,225545.865482334,206304.21861971,253574.705798428,233566.66186857,153980.86117607,403987.816758204,396927.057710575,1124133.15179421,1025232.94991682,552933.052338561,616230.415403354,"0.852953384754823"
"1136","sp|Q9UIA9|XPO7_HUMAN",142740.274336009,135554.83620191,90928.1577596561,106521.413744014,156606.845302908,174068.562055886,379353.665380138,215275.306830192,196708.040077311,86945.4809181851,79887.433028288,189967.988065161,180721.878523409,"0.458286726516541"
"1137","sp|Q13247|SRSF6_HUMAN",386932.88938596,377059.635641234,327681.778846973,350125.843105355,445610.10390077,359081.821261368,286524.951425358,659511.200263609,637027.419294629,467286.901771546,627180.588286604,423828.236376564,577200.446515454,"0.80026335329222"
"1138","sp|Q9Y5K5|UCHL5_HUMAN",100831.760889988,81091.96172652,119965.763716319,189279.681533851,121174.393465587,65732.095282219,132466.118194879,159897.498584041,208547.37690198,152998.540941643,125740.874437244,153382.861765895,154647.925161081,"0.0759351563947247"
"1139","sp|Q13464|ROCK1_HUMAN",260506.950127258,223542.430453177,286089.072789599,248366.678469659,322097.708743624,224062.125289569,209686.53373741,296717.227848739,281874.261179467,159776.513431884,172348.866187682,183086.52509292,180083.951981652,"0.722070855234632"
"1140","sp|P22059|OSBP1_HUMAN",102154.215314752,103302.531000022,57761.6721716216,50844.9690827038,88240.1985877657,69288.3854306747,94456.564838767,163850.835386569,153699.260824099,150946.954995745,118019.065476251,117372.713514424,126510.57604598,"0.124544766493251"
"1141","sp|Q13492|PICAL_HUMAN;sp|O60641|AP180_HUMAN",624694.076099738,649142.928861491,486385.542010765,462462.301535557,782177.534367663,711904.103273896,288781.881433455,580430.51898913,600126.132126119,420166.969461437,391757.389397356,985885.13781264,840426.282144685,"0.455774551469676"
"1142","sp|P62701|RS4X_HUMAN",203379.34535732,254143.205549346,315036.367821797,527344.4962355,291288.665737714,286268.941602167,258676.173895614,653420.187595496,612807.67517218,732238.269744804,647999.773677771,1031535.81414433,1003638.8359053,"0.309379479172117"
"1143","sp|P28799|GRN_HUMAN",731904.537079173,550688.80406913,205249.763785269,274982.214705142,283425.260100256,252445.583098766,260266.400983206,944394.416696646,930664.437088553,253545.227963305,292556.50815643,369105.642358611,377839.824621504,"0.817954498239386"
"1144","sp|Q7Z5L7|PODN_HUMAN",236526.055926918,273512.249813906,496301.236227624,571338.789468127,639673.011790093,596445.284355011,915760.434494636,47668.8802487342,68682.1980171084,542205.7959272,601172.358574394,69258.4592252107,81605.1545956243,"0.573867786234122"
"1145","sp|P49913|CAMP_HUMAN",184207.750767746,142067.791453446,210197.666074132,247864.034327197,122242.445739435,93878.4330960394,337324.517223077,970422.549313561,944880.024893022,106677.302832143,94813.7197938642,173447.253010417,175385.448797393,"0.391134825210058"
"1146","sp|P27361|MK03_HUMAN",2463238.16999014,3019072.79879746,3308862.68253681,3044090.34791423,3983753.18234193,3582317.74995863,1947219.50829997,1739788.51104854,1946329.79078492,2002788.11247175,2303448.54375877,2028801.50247707,1505565.42444243,"0.0390559958873716"
"1147","sp|P01767|HV306_HUMAN",1241021.11419625,1183012.0580461,4053357.72029531,2217839.76287798,1072797.60668362,993150.924000121,3805790.23380414,497533.17518577,405636.444026007,1450940.83928545,1776631.59437985,1379486.07596164,1098643.15682015,"0.483639865590211"
"1148","sp|P39059|COFA1_HUMAN",368621.311946677,393591.433457855,212959.324425929,213709.683536862,355027.830680013,314920.183496484,439683.764064725,168812.539462623,183747.660099312,720883.575435686,909406.950644878,277166.629857673,277124.087042627,"0.654314850053824"
"1149","sp|O00291|HIP1_HUMAN;sp|O75146|HIP1R_HUMAN",148563.26270155,92202.5013066753,212832.702520212,184279.673602798,208687.634421591,215219.586026711,121337.060653639,77446.5494782653,78310.6644639787,84158.5662487422,85576.9286625068,57037.4758653314,47437.1232263503,"0.368034831191154"
"1150","sp|P51570|GALK1_HUMAN",490636.684695923,406855.143526024,901002.738797607,676847.70725917,895089.499338032,682484.841623126,897186.799738616,639231.890595857,565899.362643575,932031.420053987,940660.055559882,681683.955524614,692069.431686122,"0.871017356009654"
"1151","sp|Q13363|CTBP1_HUMAN",177741.597721001,149136.768855888,194421.486421391,169132.008450386,242270.491103729,267382.869417511,186862.863493552,213432.139029698,193037.920630932,213363.602420191,232882.384599387,182478.226259315,162196.098895126,"0.81324056063007"
"1152","sp|P19623|SPEE_HUMAN",150962.454731323,91622.0176235128,180954.785021974,122245.643837825,177740.616002604,151032.779154475,126236.970645928,234894.564702838,270615.636534259,359936.602473899,331090.857310264,179079.561594356,233860.676258457,"0.773093884451917"
"1153","sp|Q09028|RBBP4_HUMAN",41998.8047449148,33759.5666784881,14504.6793116868,5907.59350371877,25477.4974285675,27954.3455674597,11712.0022883732,86579.9204099788,68068.4594790562,83152.9354198444,67099.2903748474,24411.3187564767,20907.1252077894,"0.924522440731944"
"1154","sp|P16144|ITB4_HUMAN",76734.9533396271,81240.0465285298,75311.0332781825,68253.704268707,72393.1886684411,56444.4291179863,25611.4616587564,215877.206197486,229072.964008428,161017.977276986,214721.038011891,245718.81092654,218150.251931897,"0.500734833014241"
"1155","sp|Q9NQR4|NIT2_HUMAN",836805.152059859,982766.051761044,1069003.09832018,960611.170286434,1014036.30700385,938274.304143841,912005.490051192,1109665.37541641,997143.575410628,776547.345500446,902897.845377709,1054273.18242345,783710.501891381,"0.631744136980717"
"1156","sp|P46783|RS10_HUMAN;sp|Q9NQ39|RS10L_HUMAN",475649.885098575,684995.350884188,644663.154813464,655810.387322408,759697.143996859,636083.298130923,767038.316851469,935784.398793543,970876.302726613,973326.597110384,662342.603618761,1264853.39445718,1066725.01293954,"0.0455872611382882"
"1157","sp|P27169|PON1_HUMAN",2959318.73091428,3008042.46845164,2269198.29566194,2657324.81794015,1610329.25400163,1427758.4392402,3458994.74887119,537995.257940468,548829.178629601,658645.376094399,865901.903956691,702356.767729492,713886.818005427,"0.452466313628295"
"1158","sp|Q14498|RBM39_HUMAN",332833.250308854,286668.526161456,293536.944582606,336215.953949777,372062.257026666,447478.946515981,184941.93229197,628389.100885989,659647.267677212,563208.362394224,588663.231902778,1060764.16546576,1021846.39433911,"0.167468148748545"
"1159","sp|Q04446|GLGB_HUMAN",141762.418893278,137543.8415435,191555.771918891,177880.032038885,169969.791032951,217488.957402414,222378.853324544,233027.791140986,252273.378406731,242683.328208769,237765.450938893,178983.727765981,173774.1259615,"0.670618015339856"
"1160","sp|P06703|S10A6_HUMAN",4605872.40362737,4030720.04824991,3115104.70854276,3168945.40040564,4076332.30707154,4214327.06650887,3819821.74536719,3803186.0725662,4174369.78263087,1646860.88842626,1227185.3741537,2074312.67888995,1987337.11055211,"0.752828407662715"
"1161","sp|O43847|NRDC_HUMAN",53124.0320126482,68711.1954899888,64372.8436785149,104949.397837104,49770.4561537501,48157.9161599323,73169.321248588,162435.46925451,168927.967881825,63028.4710953991,79834.6216969552,78104.2969862703,91661.9935985929,"0.257347529816684"
"1162","sp|O94804|STK10_HUMAN",98047.065388145,50255.6331711576,45385.0464221772,33021.1070941403,51903.977200556,85181.768816294,44976.2702637327,73572.6547457519,75817.0290698487,63503.178929318,45369.473721946,40628.256660901,54284.477699662,"0.65556083351458"
"1163","sp|Q99584|S10AD_HUMAN",284256.579646901,421520.602417815,356059.679580019,394920.48771308,628546.791704871,579694.897877345,381382.265133364,279824.894489516,265040.919469009,392314.775051684,387889.176200933,185970.884051281,234196.16701866,"0.573008174871098"
"1164","sp|P30876|RPB2_HUMAN",130358.338192338,139478.216704548,139260.512986195,145939.89211885,204906.110066579,180629.317658467,222253.170762348,291141.711347998,235003.545139573,240717.492506105,320703.82300508,184977.992294223,163601.891777302,"0.97704755668019"
"1165","sp|Q15181|IPYR_HUMAN",2787549.62733883,2558114.13758059,2022946.63968436,1932866.53019731,2531852.27615982,2286869.27064557,1362491.11441241,1178091.93003308,1039674.57019695,1991496.49802003,1902457.04823556,1777583.24142044,1657618.5003003,"0.348845267158923"
"1166","sp|Q14643|ITPR1_HUMAN;sp|Q14571|ITPR2_HUMAN",336649.502947487,413845.575008798,417181.672785426,680853.323158017,552580.596837391,511975.433868479,553150.702504759,391346.89674279,340803.473841789,518499.25608163,676491.189422639,374206.579869935,285159.709736729,"0.762410879108076"
"1167","sp|P42126|ECI1_HUMAN",1253101.37122889,1172854.66726771,1096153.98152527,1137526.34019784,1054843.96127808,870263.082803516,806799.461371952,564099.703115614,583385.60017476,854176.610268425,951956.024918939,940265.951104443,787652.226064919,"0.280022680462971"
"1168","sp|Q9UHD9|UBQL2_HUMAN;sp|Q9NRR5|UBQL4_HUMAN",162402.040062418,183758.535959652,157877.629006508,125246.695479764,191252.166007723,200294.14428033,124696.134588571,303382.135602122,286991.83651269,159730.762222995,165398.938916818,154947.781517808,178674.079313212,"0.366283872013835"
"1169","sp|Q9GZM7|TINAL_HUMAN",782328.508417969,798602.980162627,729420.051444526,943281.537519675,1542681.66372875,1490741.63386743,1173015.57512824,98675.0449634277,109446.822912072,690185.775937363,734792.759848827,619395.774708105,702328.466200829,"0.186575147517523"
"1170","sp|Q9Y5X3|SNX5_HUMAN",1003659.12958736,1051006.88258582,1195837.60578867,1433223.6451798,1570746.04386322,1502594.27263463,724355.470361795,1128513.10879745,1148313.87399039,733523.439098809,1065357.24483675,739474.770458,967432.732889055,"0.302525181187846"
"1171","sp|O95967|FBLN4_HUMAN",131985.699270745,146304.204856954,188464.449514254,197224.591923882,260952.627059979,254445.773941048,469510.420174384,123421.701263393,117797.057221489,470920.88115074,443850.871844806,96632.9526744614,91440.7937416417,"0.832977407777941"
"1172","sp|Q53EL6|PDCD4_HUMAN",350348.555574975,153367.253751301,71708.7140005891,61627.3561195141,329714.831037702,344833.624632458,119114.165263161,210362.510118789,216084.386333208,358859.20826465,251958.369051656,335959.085673583,360962.574220707,"0.956168394712042"
"1173","sp|Q8NF50|DOCK8_HUMAN;sp|Q96N67|DOCK7_HUMAN",57908.3119115491,47201.7518466089,52803.8490301732,50189.2639240721,47484.0815562964,59159.6744359837,57882.6582527691,83464.7866674658,86632.3750351344,98340.565413668,83789.8730428932,102233.935545395,97318.2980683172,"0.312671332814309"
"1174","sp|Q9BUT1|BDH2_HUMAN",1060755.10925667,1459880.93182822,1823600.79062784,2000296.95198914,1250391.5461455,1259968.61877574,5104861.55022123,445764.994973586,571240.095038715,1128135.57786948,1315419.6346332,539193.168111222,472314.951160724,"0.143448802209804"
"1175","sp|O43866|CD5L_HUMAN",571234.913011665,574513.938253397,707995.533000631,714241.452795472,98467.1606104815,118340.880612091,648674.282412035,243289.192187501,187827.291822146,157202.147492551,186091.017585082,307038.397432148,283787.317161829,"0.568683605910072"
"1176","sp|O60504|VINEX_HUMAN",132741.98892201,119959.076196822,131751.483426826,168516.96382696,254362.461220756,248501.357392724,41635.2755399872,25379.560429795,36726.0542044587,77532.3299292446,85203.962418143,26870.2156923882,32565.8760079892,"0.199281834463847"
"1177","sp|P50851|LRBA_HUMAN",64857.170382437,43703.6564492456,84393.9525039638,85052.0007882379,107837.185318931,131216.513311878,34854.4012874887,174217.819997321,152519.492337013,130895.151184709,117323.849649071,143088.560506477,113373.527957897,"0.352736860176261"
"1178","sp|Q14005|IL16_HUMAN",171369.167810313,166681.513336131,132040.287234401,141796.24078088,183085.225414303,193654.512230031,137557.177517881,276417.969661837,222151.89792253,584961.915919907,559228.176508613,355767.874698348,348650.566301906,"0.845021369986529"
"1179","sp|P16050|LOX15_HUMAN",128085.423248724,131025.168804538,45523.7140410176,36635.8968796181,60955.6354102859,48534.2458180077,135093.510625418,50645.2604475554,40791.2227192619,17386.8188711506,26705.8796734791,165011.618783827,162568.912023455,"0.940852854424255"
"1180","sp|P55010|IF5_HUMAN",738759.998283181,622121.252493629,478787.138219206,496618.743159382,492182.382013234,539032.223661978,395065.988034038,953714.607141682,821157.070559178,928641.889326638,1060693.36640338,983924.316925693,1098981.29476636,"0.710306058151316"
"1181","sp|Q9P2R7|SUCB1_HUMAN",346318.711644681,274144.084200846,261709.338240252,279469.048276727,230676.463222334,224432.250474811,239871.582178494,148726.91437354,161508.873237585,203108.941227203,222197.237288101,205945.794409623,214332.174679781,"0.404634664687792"
"1182","sp|Q96I24|FUBP3_HUMAN",414678.305588708,373521.327554022,311722.518055242,286059.392330661,473618.806359156,528501.098327148,428177.874737114,232494.147089614,196231.915742817,409636.446295592,438858.263113766,206158.68054802,191269.170338612,"0.0671088456163453"
"1183","sp|Q13523|PRP4B_HUMAN",62373.8880136192,63360.6381391791,89557.0427322123,49852.1785663594,47626.2946164124,42043.0436227145,51119.415646231,62246.2018837641,95790.4644413772,55413.5989531251,93700.8329164264,114442.744581259,103648.953380087,"0.518906209078316"
"1184","sp|P04066|FUCO_HUMAN",1887071.85670277,2195767.65312931,249799.818004639,374270.801108781,205982.033233206,168861.56635168,503042.424504339,2560978.47761683,2555302.47488591,618285.408233971,692388.997465246,979606.193813936,922675.003983058,"0.864922632012751"
"1185","sp|P01903|DRA_HUMAN",2133424.48308026,1974878.70692938,837646.345015603,795916.752642757,1690171.05097724,1467383.6644172,894719.765126277,734093.26296584,775505.445764918,770511.072132581,637410.154981951,808294.474016193,829222.735160863,"0.558642514448675"
"1186","sp|Q9UHQ9|NB5R1_HUMAN",520158.019100869,545403.676235802,410379.384433355,336085.437044472,180428.55039415,184493.836216639,438681.600003739,78509.8060585199,74297.0292001684,236991.353023722,192043.563619305,141130.287285652,213304.881377299,"0.458796181703468"
"1187","sp|P42330|AK1C3_HUMAN",497721.579569747,407578.473980627,545362.787994004,515353.413915292,483224.970588896,574699.478723101,456438.52435989,270571.59688419,315321.60689291,135288.513943251,212762.697010353,3039745.77513374,2687366.46506975,"0.232450960494439"
"1188","sp|Q04828|AK1C1_HUMAN;sp|P17516|AK1C4_HUMAN;sp|P52895|AK1C2_HUMAN",190171.086195815,171720.522197514,110148.310406468,92904.4812338984,142222.942351577,255298.153512575,193039.668122997,194204.750587216,147296.951348702,83080.3724479698,59960.6376557418,901157.540973764,1151045.22901379,"0.218184490292641"
"1189","sp|Q9Y2Q3|GSTK1_HUMAN",1422078.30212964,1555234.82879863,961270.517468618,1105477.52873464,1531323.82384944,1422825.41589044,675380.547754778,1428458.04986597,1196628.424975,1483787.10589851,1357630.42753691,1189911.9175791,1207710.20767837,"0.183352950169418"
"1190","sp|Q9UQE7|SMC3_HUMAN",169044.021436701,168751.815905618,150381.397549111,144577.282748938,247294.561377188,197702.580070815,144683.128569304,245454.434504936,190284.162686947,344705.855498,333085.339439628,191275.174290711,193451.617367732,"0.996199636699622"
"1191","sp|Q6P179|ERAP2_HUMAN",246925.001739477,273928.058416791,164832.535607483,176747.212133729,35380.2574362293,38731.2245816859,196748.972395244,308419.514847071,381255.503370908,12825.9213783636,7355.36777703459,27672.2356587372,28275.8160565326,"0.824994303761378"
"1192","sp|Q12888|TP53B_HUMAN",171035.492765311,179025.377595788,108640.830806804,131567.159512272,154818.624392789,172821.40262136,33958.5408932937,343847.062978994,316865.12683155,170536.351826115,174342.325153815,172482.752162475,165736.013673432,"0.403847494173522"
"1193","sp|P07305|H10_HUMAN",1421931.13574208,1348930.2974874,732830.547841003,924938.654548659,3489267.18964395,3807422.71298612,1809115.18263481,1022537.87025164,660148.375346709,895157.321077688,1279120.22780452,1319185.05651501,1247943.8368268,"0.127653036530961"
"1194","sp|Q13057|COASY_HUMAN",125526.540120406,120898.632433997,202925.946568815,189897.196180181,99487.7947340518,84009.6011892061,125157.840948581,287289.696518845,258772.193401332,131607.646653388,132081.782560237,397393.78241861,293374.5034333,"0.0878361573627414"
"1195","sp|P05546|HEP2_HUMAN",222398.74508225,238605.818199757,131865.588244163,109103.601193959,87069.355270089,138180.345664073,234064.695835514,77957.1615090911,73608.3453694029,147701.459621852,115961.38100724,120289.116436183,104464.236648549,"0.474088855941231"
"1196","sp|P06280|AGAL_HUMAN",611357.775953839,565831.493288343,73877.6936729662,97308.6071990472,76670.1818913904,84304.1969540535,132297.33685102,290793.176666824,400582.137089912,242253.261708259,287172.027381643,243020.139646276,226619.097321739,"0.482097822278108"
"1197","sp|Q9UBR2|CATZ_HUMAN",2358150.54359589,2601666.65352923,680583.974151281,731271.654438969,1071716.20156654,930956.796315663,801422.134901565,2086672.76890326,2334829.65302421,995638.185075458,1135212.65516606,1694265.63754896,1448020.99287481,"0.778186493043101"
"1198","sp|Q16698|DECR_HUMAN",3265402.15311537,4249067.36335297,1845650.98809735,2001392.2545188,1816358.91308502,1953264.72121746,976369.479584718,2334917.80496569,2094097.82737394,2099897.34896817,2594739.07147704,1879703.91911648,1922878.54501115,"0.215989995988239"
"1199","sp|Q03135|CAV1_HUMAN;sp|P56539|CAV3_HUMAN",5015983.47013339,8544548.20164359,4429281.11580662,4884042.27887038,4406052.61451269,4727027.03078592,5283051.77629563,672088.803641435,508318.738911625,732606.242526874,799992.891209002,1033072.96806381,920317.284470216,"0.499641653230381"
"1200","sp|P00441|SODC_HUMAN",5886455.631067,6121748.68556046,4049570.68312009,4353335.65842743,5310606.89872461,5358781.61827501,7722137.44611662,1665748.0481344,1373350.37757212,1765107.176684,1485935.3229881,1180027.83758873,1224435.80412597,"0.488354309841961"
"1201","sp|Q8TDL5|BPIB1_HUMAN",1334059.31311855,1954786.69893743,2771575.88417169,3030349.46852993,645409.267656755,753546.141250702,895952.164202826,208187.706879106,119014.912937086,2275200.51972756,2389638.42624034,2537524.26462114,2387981.52853114,"0.916805751992356"
"1202","sp|P28070|PSB4_HUMAN",732581.727871485,650161.476080109,824528.741905964,593218.499701971,1300456.9343801,1851142.05035739,1498122.00796615,1196453.46890989,1478529.96082105,898127.122251202,834549.574656805,1169800.50081804,1147505.96207679,"0.0501851353645165"
"1203","sp|Q9NNW7|TRXR2_HUMAN",81182.7922891066,76655.9555515789,19444.7124441956,35257.6503612166,27452.1395093107,22517.5291090413,8704.22751642945,37389.9094069252,30931.6708030678,16945.1192691468,31486.7517626583,141167.083376911,127186.693946201,"0.737746581174666"
"1204","sp|O00203|AP3B1_HUMAN",151468.901927442,111913.429478317,151566.582794882,136955.15331006,178672.145471826,161957.380902354,118043.524861644,129548.69211441,131460.714867994,211616.309655601,206056.816004898,158353.344597577,183042.750044817,"0.985427766594465"
"1205","sp|Q15459|SF3A1_HUMAN",293773.879591255,308907.211156494,218329.804931806,212085.129954007,359078.340844197,275430.694960263,196936.314801663,500127.980601799,344556.679355606,273067.917159124,203895.752063025,389210.127519711,425151.46945093,"0.290228386896158"
"1206","sp|P29966|MARCS_HUMAN",641996.690142422,731887.171379594,504327.786495867,849575.029764338,903426.855420437,819151.426525875,663379.915461217,1002623.80793403,944712.642608351,841876.322338781,832320.968174382,904207.662610741,861155.459805706,"0.372037560482082"
"1207","sp|Q9Y624|JAM1_HUMAN",975157.765576119,904495.520100301,926265.07826294,1289720.56973724,1182594.52670798,1211974.60069886,1213476.48854052,991363.336128563,912549.1808403,356495.948964496,414488.422807365,385175.172543086,327095.729040885,"0.578908689946398"
"1208","sp|P62993|GRB2_HUMAN",1869681.69218668,1164386.60194925,994114.891218266,983376.327714752,763135.887854957,705834.302951833,981937.792201979,1011807.34144767,1077764.86748495,947404.553197177,1019025.85230537,707328.570578031,748199.240349324,"0.417640872338896"
"1209","sp|Q5JTV8|TOIP1_HUMAN",411709.061367228,502395.121410376,319222.456415577,184638.532385525,502830.784485667,458493.841314762,269054.339870706,642859.797443702,521760.740072038,643798.710912342,719876.311173032,538009.121455107,520610.168941452,"0.906329011572075"
"1210","sp|P39900|MMP12_HUMAN",68124.864484715,29152.027868378,133256.015604972,102122.312613119,62561.232455658,39641.0105421831,47509.8570916401,104723.017865185,99827.776387604,90814.8080706057,95790.2273781584,459251.6787175,403167.767717476,"0.149161078842754"
"1211","sp|P49593|PPM1F_HUMAN",461948.58073064,404962.70216462,417510.939802024,440104.674149266,588984.225086096,575581.403683942,282546.203182036,233674.07861404,227342.446330028,207400.470847899,215425.801316471,344307.154684259,364550.537295557,"0.683414890485256"
"1212","sp|Q6YHK3|CD109_HUMAN",249746.129530452,274029.597658346,410975.472068606,313738.143023267,638262.089863886,634171.93730953,195931.805795962,318721.774481576,316520.897663967,216753.183133361,196132.130731591,1048540.05498259,876079.157767056,"0.161958859550712"
"1213","sp|Q13838|DX39B_HUMAN;sp|O00148|DX39A_HUMAN",3416735.51379514,2795439.70402207,2606349.37040293,2107851.96678224,3234171.67672431,3451951.67552831,3053669.09348524,3093591.71878821,3468674.18060309,3012541.38097917,2897976.42506425,3418139.00530981,3292603.08281459,"0.85721207288931"
"1214","sp|P82979|SARNP_HUMAN",401934.330659987,418694.882185915,533407.162792926,490430.259902888,402275.222260832,372557.336922949,1085646.18871934,216762.120978213,276222.376355529,458474.382446665,419315.572066159,452444.917212172,576670.339933384,"0.621727356071762"
"1215","sp|O75828|CBR3_HUMAN",129418.071299348,106185.941354522,149368.055853847,102883.704528772,133715.251262139,122613.085279507,181235.889122209,63291.5158596603,86264.9700687637,86093.1070051208,59223.5389556153,342955.730898377,322302.863576184,"0.290980497021937"
"1216","sp|P30046|DOPD_HUMAN;sp|A6NHG4|DDTL_HUMAN",1658408.36793916,1736291.86459215,887874.904949113,1002318.99157459,993436.553717153,1251451.10707782,1320818.15582136,825775.033134424,877342.756160663,580330.838931388,638022.04552852,896780.802395933,922566.213461865,"0.603714262931792"
"1217","sp|Q96NY7|CLIC6_HUMAN",96938.3927476795,144692.448913969,159020.041022273,161221.028255622,268681.220789829,174970.725893195,152397.722026283,49022.7430850477,72441.277105966,146790.569738447,136706.355145089,256055.500110457,233170.626969213,"0.239793518868467"
"1218","sp|P55001|MFAP2_HUMAN",104375.969072281,78896.9127258702,200270.663343076,203246.910841625,200857.566465762,174935.119014784,51571.1913480824,704278.508213746,216526.161857945,867491.437918523,787578.848829224,88304.2966445132,110929.323765451,"0.943135680624991"
"1219","sp|O60610|DIAP1_HUMAN",262503.892640925,551726.61497352,285775.695201811,325436.554919495,351607.025623544,440788.526858671,424342.43006299,351939.073376078,404479.955090817,75325.1482413339,113106.910451744,470524.739828321,424445.762462998,"0.388625530921648"
"1220","sp|P02746|C1QB_HUMAN",574988.967927077,616688.329389767,993556.25487245,733316.128093046,326389.719525509,433264.728459625,1060694.58683043,219925.05916758,168932.50457947,501301.492250228,577810.665167123,199335.675445948,174128.893034883,"0.0469907834872819"
"1221","sp|O94925|GLSK_HUMAN",419078.798398545,674935.188641802,297262.501722743,215358.629975521,521613.212551417,355299.588272065,165995.517984997,194735.26160904,121611.003524851,293347.937029371,381296.198820285,231439.371186195,217582.064099042,"0.0238405250245222"
"1222","sp|Q7Z4W1|DCXR_HUMAN",399551.490698166,336506.345416509,330260.434816876,345387.383037545,259896.905669946,229505.238305883,438487.781661562,294273.802276982,336381.607821883,250376.567973926,235423.611030762,323814.067308813,357937.324472958,"0.87342600147222"
"1223","sp|Q93084|AT2A3_HUMAN;sp|O14983|AT2A1_HUMAN",416068.937944343,736093.739695325,614211.30328151,650379.391918126,462488.72566164,433538.978532475,1321613.9106642,897366.174440508,736921.888345278,247610.204075319,241875.123116602,747118.673016951,733965.48203638,"0.22057699107374"
"1224","sp|O15400|STX7_HUMAN",875972.66296561,667818.550123187,645608.266709777,671612.062287866,583794.080608853,627195.369486308,556616.641829774,545372.557139709,567449.09239173,715504.356602186,664293.11103777,399137.666159704,407903.159841755,"0.231144409816989"
"1225","sp|Q8TC07|TBC15_HUMAN",520969.34033624,432672.168984926,382099.159344146,356418.770819966,397756.856999679,406285.463446162,466324.686843654,362526.927241274,302669.761293176,457785.744137909,382080.432391594,301049.888781988,379572.194210333,"0.410854038201656"
"1226","sp|Q14574|DSC3_HUMAN",71357.9112064101,89285.2025104358,92519.5969894457,97246.8565054931,46171.6788069219,59412.0811898652,161852.626322659,1334653.90495667,1303083.13309221,100680.029819974,138260.59989788,183844.615610353,239944.103151753,"0.277672400189634"
"1227","sp|Q58FG1|HS904_HUMAN;sp|Q58FF7|H90B3_HUMAN;sp|Q14568|HS902_HUMAN",272766.693584478,193077.316091719,179097.646302219,176437.2801247,173989.265722899,193757.098936145,457392.269089693,691850.036598549,702947.403927627,63972.3296717625,78258.2982514118,326650.373421479,347153.676088718,"0.446011147626153"
"1228","sp|P36873|PP1G_HUMAN",41380.1279503816,38861.3854048716,43164.4207128567,56044.3870110971,36723.0249163998,42307.4894009482,24257.2912835472,80753.4771982919,73484.3254850005,40919.7569059075,49807.1196107345,63978.0363079702,58934.7715540646,"0.162446154170291"
"1229","sp|Q9NP72|RAB18_HUMAN",359351.685397708,418724.212771001,245176.421400473,163817.722044097,383050.396608344,367387.565895277,148644.353788828,464733.425155644,376921.061951783,533761.736616421,608364.182836516,334039.119744994,501142.972797204,"0.935245732771857"
"1230","Int_P08311ups|CATG_HUMAN_UPS",724801.170921531,841538.585827313,901265.909549417,1215318.29579853,461375.949022883,446296.050119968,535188.559035701,1134575.2485094,1038040.29753891,321623.587963434,319641.907247114,1037809.48412149,1066357.34866234,"0.454250830231327"
"1231","sp|P17301|ITA2_HUMAN",36946.743259305,50649.5032436824,90471.2503440744,95811.8386643721,55891.6415303943,43336.6990408036,114354.204857435,69616.5286189926,55881.895484951,253052.300314989,264795.701548944,133374.954748018,134313.089780682,"0.904925517759286"
"1232","sp|Q14444|CAPR1_HUMAN",215168.524381888,345868.346350606,383829.96577152,514687.473998965,344737.496442752,375349.923695406,357277.44179885,815599.816249457,804230.638914894,513386.187097072,475528.502337276,652121.694620088,726157.147000085,"0.224916774467429"
"1233","sp|Q9P0L0|VAPA_HUMAN",546064.77449678,401330.718660398,324062.7228738,333039.053338425,477206.062714667,522876.301003588,288111.083311634,277355.394474759,349006.3532752,384908.794545417,542924.211071239,419464.983131245,377682.788530289,"0.0186735399639768"
"1234","sp|P13674|P4HA1_HUMAN",168448.377087122,182358.020722326,192239.924468081,271134.100904595,252850.231075203,159702.855382628,236976.123351026,886811.322630828,868863.081623407,1499425.69055932,1565873.10288176,684584.068162012,676175.256918058,"0.83064664091306"
"1235","sp|Q5T1M5|FKB15_HUMAN",249390.366444929,379857.476741493,268338.746639806,161988.266476756,280633.936153489,255313.413000075,311757.834822869,300990.470565029,218498.383685692,497299.684771106,380630.317121532,156306.578857392,198554.223468157,"0.804363778089718"
"1236","sp|Q32P28|P3H1_HUMAN",31732.099441464,28996.9780420993,33130.1215307055,63946.7852634561,54801.1311916467,46031.8465805687,32915.7579529289,164864.42728008,176909.86567904,176708.332459987,170022.925383823,80537.1638279462,69040.8334310712,"0.712044814760845"
"1237","sp|Q9HAV0|GBB4_HUMAN;sp|P16520|GBB3_HUMAN",2150675.80422339,1827781.26608961,2703664.72047295,2276692.12638571,2558692.02759458,2335939.9749138,2014226.3923643,1472037.6632101,1705609.66402093,1956909.49854628,1627636.78803708,2010976.04657177,1954781.43187565,"0.909161917670144"
"1238","sp|Q9BXM0|PRAX_HUMAN",134014.035850084,112906.357242136,403301.22238617,403539.443571124,403454.167367752,448206.543218633,118709.687473462,41108.6726322128,48927.0755038278,220187.373943126,151117.189225125,18771.3627808352,13968.5517048032,"0.275326764967102"
"1239","sp|Q9UBB4|ATX10_HUMAN",163273.218058684,172022.665564174,239522.991768369,244291.982212425,388116.486226143,340591.847512941,110042.632294845,713208.351319285,640643.155247469,763584.321689551,766346.432291873,570560.292295855,592457.980687404,"0.623796804611056"
"1240","sp|Q13085|ACACA_HUMAN;sp|O00763|ACACB_HUMAN",180562.364176448,139695.831142765,102258.045362301,88481.0439593008,173981.611869167,183560.762948744,47605.8016715015,142893.158863709,138491.509248652,132308.966053559,130200.808939119,118840.336805543,108522.699770495,"0.441806204158205"
"1241","sp|P80303|NUCB2_HUMAN",353483.81934271,235449.660749205,183975.081381349,206912.129553311,321972.376258419,375528.557519278,370644.947314628,577010.226081049,639732.008930174,478100.173538076,463925.128636284,1046921.12114855,1133608.59305873,"0.0752523573198885"
"1242","sp|P06899|H2B1J_HUMAN",105313215.150542,130422026.273689,84076524.5702394,90412786.7175241,137162222.634795,151232797.786969,97504793.2422464,22273695.7254862,24388180.7205726,31738401.8084609,29726802.8307354,121589338.951433,118043967.822749,"0.961594320701966"
"1243","sp|Q96FN4|CPNE2_HUMAN;sp|Q86YQ8|CPNE8_HUMAN;sp|Q9HCH3|CPNE5_HUMAN;sp|Q9UBL6|CPNE7_HUMAN;sp|Q8IYJ1|CPNE9_HUMAN;sp|O95741|CPNE6_HUMAN;sp|Q96A23|CPNE4_HUMAN",10715297.6591677,9605623.90638589,9071414.57095197,8193672.31283604,11497421.6032107,10998748.9299614,9165889.23610218,13232712.2206763,8099743.17709536,6567079.17030891,6601133.92340588,4086151.82234604,5517231.5192388,"0.428201499455387"
"1244","sp|Q15080|NCF4_HUMAN",217844.89987817,263814.005847379,112693.720967055,99451.7831014181,108252.795325298,112589.586677088,143665.416958969,169650.229241347,158520.930805752,59050.1227662642,50476.6985520912,246881.673764047,245395.347309353,"0.870700398862102"
"1245","sp|P01591|IGJ_HUMAN",1225083.16920401,1178359.28140716,1388820.27601666,1327724.11036124,1053800.28787478,1208024.4864394,2313150.78891278,993452.212628155,921951.44206642,1500535.51847487,1509273.02125334,1392610.63678323,1385454.66080049,"0.89913324966784"
"1246","sp|Q9BWD1|THIC_HUMAN",174731.047170886,233634.523993465,88650.9665171475,46661.0146121812,79116.4655230278,88039.7410299528,375317.511873239,302643.936504469,407839.324802732,32565.5680623372,33276.3172013277,640261.85666042,703176.690805614,"0.166059810221128"
"1247","sp|P23193|TCEA1_HUMAN",515528.488755892,444083.589237743,424691.7616499,376837.556774264,683940.088942869,756380.527688233,372062.964079048,876542.280145055,879545.461094472,665550.683312138,681144.400055206,1055832.94457057,1118164.98411286,"0.0927198707994723"
"1248","sp|P39656|OST48_HUMAN",2451472.58805944,2929517.48273977,1907500.10286648,2248201.19763002,2161899.07660165,2198092.38156993,3221994.04201026,3222629.85119443,3325427.90451823,4807702.45979457,5814425.60803803,3028642.17557014,2638605.52175362,"0.922222344722957"
"1249","sp|Q9NQG5|RPR1B_HUMAN",667887.350539286,676250.555242701,680406.112701624,648610.66123719,923779.701376492,680726.063106733,479547.876380651,870508.825008038,870469.942793031,904468.605408879,1078710.17127889,782701.779625802,739493.245628499,"0.99426713364157"
"1250","sp|P15144|AMPN_HUMAN",146905.066358549,148061.626205575,253297.455950904,257487.148461523,288895.350354241,207185.237683117,273790.837502112,214664.562339971,198117.940149969,198975.780264366,206226.601647697,278182.520137429,257572.258308621,"0.292107053673349"
"1251","sp|O43252|PAPS1_HUMAN",223806.602755168,329671.625767034,285651.357990686,382426.680362717,407120.750687887,307777.535546451,386233.803840641,309071.163130199,289559.384413817,231709.254391601,239890.263088559,252525.965481163,220308.431588819,"0.349510307775452"
"1252","sp|Q92878|RAD50_HUMAN",162696.192562248,152188.370140404,96029.7423309099,80290.2393949152,149464.591633832,116718.794743806,78074.2851330127,174480.621004497,191626.584466453,207118.904091898,179258.716642329,132929.303957835,127699.506620144,"0.863367532738982"
"1253","sp|Q96MM6|HS12B_HUMAN;sp|O43301|HS12A_HUMAN",344159.7293777,387605.48232405,925355.682931283,1153340.15421385,964840.32393793,823400.112332766,419575.669950919,50719.1874190036,49818.0857073102,128020.660691268,109969.749751745,68509.331857352,59630.40248897,"0.432414732341337"
"1254","sp|P62937|PPIA_HUMAN;sp|Q9Y536|PAL4A_HUMAN;Int_P62937ups|PPIA_HUMAN_UPS",58347445.9094929,47857562.655522,89543715.0958964,83457956.9700222,101863121.221428,86124132.2462156,37589464.6845109,96985095.7788697,81845081.0622606,69876372.3739412,64978055.7450587,48501382.7198532,64423995.9981781,"0.530213605660354"
"1255","sp|Q15599|NHRF2_HUMAN",410889.042176053,457281.748409178,1044280.54816954,1179791.93338883,1050997.61990621,1069575.51391107,520494.677820069,65705.4493158321,71151.2137660149,128712.253092851,79182.4780691348,130842.510335503,158880.784440343,"0.573162886257719"
"1256","sp|Q8IV08|PLD3_HUMAN",3631726.08056019,4241565.70938706,1933665.98067704,1747789.21382322,1132445.44833811,1127381.5797404,11355902.7479894,983054.694479148,938818.4426078,562119.139101012,549276.396613715,1090822.57294423,787252.505180928,"0.552424649859918"
"1257","sp|Q9HB40|RISC_HUMAN",1914541.68640599,2276044.77606413,588122.407650889,487820.299323094,470629.461109862,476412.667609613,4487143.77574634,648539.567086861,767250.436801895,626157.173309517,631538.713136337,654659.879661635,886925.787143152,"0.542801392491792"
"1258","sp|P51572|BAP31_HUMAN",362476.362243783,286185.622340318,242982.097990143,304753.714792982,145860.474813813,158203.900803223,369744.558437887,317447.147449348,328367.889897228,186395.889295042,173162.594797987,299586.179189701,316559.193365353,"0.953773164753887"
"1259","sp|P09758|TACD2_HUMAN",266776.975429892,228100.650716347,212068.067016008,178728.026416824,391391.311344444,315654.709607368,46333.5684696891,1161810.36804045,1206576.12827629,345397.003302515,391984.592579047,183391.133257566,206081.481745158,"0.523359805330916"
"1260","sp|P03952|KLKB1_HUMAN",496981.752270956,370547.612893628,312801.897649342,346358.325802913,377943.483176342,362563.41670609,1007525.24130063,157751.099648808,171667.028102687,247093.218977874,218601.159116624,179029.425943438,186520.249241865,"0.460007110595365"
"1261","sp|P20042|IF2B_HUMAN",374466.941345237,335207.201038038,225483.866802964,228631.980606338,320950.944718062,281995.707471492,98864.1942256388,873339.726256357,865051.959636717,1237446.71904415,1156161.14101295,504950.616074645,449639.905589179,"0.878358386879688"
"1262","sp|O95747|OXSR1_HUMAN",409657.567000585,382845.206753479,379671.677250515,423513.179840019,262478.265417923,244575.312913272,495974.962022082,180963.777619911,175080.051233485,179285.07808761,198417.741997564,157054.395344389,199841.311536364,"0.453225381013166"
"1263","sp|Q9BRA2|TXD17_HUMAN",1939945.2996092,2130411.27501844,1386203.96735785,1619730.37667488,1707707.7635678,1690272.8774251,1793867.7279794,3276663.07705876,3187630.10260261,1846984.45711843,1540578.29977645,1606580.11536496,1789991.23115572,"0.51752697083304"
"1264","sp|Q13153|PAK1_HUMAN;sp|O75914|PAK3_HUMAN",468579.090552256,564368.888218637,549469.222577064,872322.253257,710194.299387664,759711.571668383,472442.072416601,851202.565819945,931627.541226132,763244.483487272,481326.6405178,749789.282754138,795568.200526991,"0.0209510820340752"
"1265","sp|Q7KZ85|SPT6H_HUMAN",52123.7330678598,48460.6328712896,64851.780695034,60579.4585712087,40904.047063452,54708.1826484714,57858.2702764263,122492.96828763,122327.973710074,56848.1981165339,49128.3431088924,210731.842605165,208468.248010374,"0.0878066764397401"
"1266","sp|P22352|GPX3_HUMAN",1519590.75026636,1405517.85884968,1557075.25250206,1561075.71176233,2204925.61827109,2330432.15399886,2178418.62392051,482376.428662976,532423.762354713,3250518.80965225,3220495.64839713,625401.469238796,922242.948388695,"0.590386600675679"
"1267","sp|P62333|PRS10_HUMAN",977548.850450683,1025932.85012551,775053.725285891,729129.095006659,422853.647023614,523032.26404904,1048698.43269509,827239.804789325,756974.596894734,659044.935850644,906674.796149476,849990.244149206,859579.624187733,"0.0735952585041331"
"1268","sp|P68400|CSK21_HUMAN;sp|Q8NEV1|CSK23_HUMAN",856142.639950653,1876057.98913986,807040.491444494,859771.776593127,742650.300838292,865620.934135607,541847.870326299,1193958.7681399,797558.838554443,778184.004768862,815895.248943167,1048041.15444371,1005804.08706281,"0.421807191767493"
"1269","sp|O14672|ADA10_HUMAN",366708.238784374,399503.782778494,458792.074365388,395011.395351053,404793.452289005,414708.343381332,303737.764407347,234125.786204486,295546.104408811,282502.507602799,291068.100642906,171329.985539393,225240.884178852,"0.239898003096698"
"1270","sp|Q9UL25|RAB21_HUMAN",676135.817243926,322894.382779161,386148.923542168,359061.881898136,431591.809576945,417912.342973061,239995.110272045,505697.690161024,398070.993263766,467092.332655803,350645.43434376,363463.497600209,401226.426559698,"0.601805752085438"
"1271","sp|Q9HCB6|SPON1_HUMAN",442980.143836643,682455.273870163,689534.97033565,675982.774090996,622651.623015265,633225.266249051,512970.247505721,263145.396566795,299307.796348145,837285.089065343,807265.091484597,253261.869773293,257867.585309034,"0.608808523649171"
"1272","sp|P04181|OAT_HUMAN",80734.4392900501,84554.733307756,62360.8082064864,47357.9234782216,111196.973659806,85052.1325137654,56885.1732827839,370097.543626491,388731.532760407,694098.448752666,626272.813805697,243926.082867049,219334.824216062,"0.818538466130671"
"1273","sp|P46379|BAG6_HUMAN",290669.378140725,253843.989628439,276986.220955523,245636.991705297,250095.023857892,169464.476522712,296474.207939503,427076.368436666,382967.147160257,336026.454381159,312750.308610957,224142.252438867,259864.859100034,"0.963711105063552"
"1274","sp|Q8TD19|NEK9_HUMAN",290225.492489008,233031.285923736,355061.278238843,307808.175021862,443719.168152539,423888.603943834,325932.339671175,191091.628627914,159678.731907737,362999.57021251,400495.116229574,225021.342486193,282118.521719121,"0.475098814598355"
"1275","sp|Q9UH99|SUN2_HUMAN",50581.7986289154,27747.5704422823,53950.1278420351,79887.8588902635,126673.023950756,105711.561850295,60308.261073688,145273.253250113,95393.4778518695,168099.291488326,203860.536324432,146986.192483691,156021.150312757,"0.78613136798878"
"1276","sp|P11498|PYC_HUMAN",76266.84222084,67321.5585206864,59126.5932711569,39084.3304650635,51695.5235713409,43339.108454241,59037.3273054975,81712.8953131652,102526.480948461,71083.1933816022,74086.3166430305,69167.831637365,76286.0190445007,"0.60530405993043"
"1277","sp|Q8N1F7|NUP93_HUMAN",144756.840953434,239456.565822225,121954.683493071,104951.940855482,141356.638259383,118857.435186134,175474.83518067,248886.572252078,241414.111708916,127924.50794902,116639.57398685,243435.391691015,271894.465032601,"0.106147201623363"
"1278","sp|Q9UJZ1|STML2_HUMAN",284009.77727684,206310.658570562,324576.548943973,232789.321105462,113668.430361515,90585.0339544531,194783.856873823,342773.651335932,314474.231038578,220908.129352495,233237.676014612,334098.568333158,360842.212923082,"0.422663463955842"
"1279","sp|Q9NY15|STAB1_HUMAN;sp|Q6ZMV7|LEKR1_HUMAN",219840.471488506,142924.744832494,124543.719795982,134253.409524585,97353.8863855052,102853.142557133,186878.603592087,394209.776031957,348822.751527602,126703.014390627,152179.085428291,151923.993511768,127897.336105669,"0.937557251820359"
"1280","sp|P01764|HV303_HUMAN;sp|P01768|HV307_HUMAN",10304878.5089896,10103721.5383815,17288143.0135642,22981176.5569627,9976754.86147934,10998748.9299614,21808042.1150329,2770860.77712962,3188701.03970128,6131403.32671082,6782724.14449944,4397120.20842508,4046592.1577029,"0.256725281992237"
"1281","sp|Q9UBX5|FBLN5_HUMAN",1620827.12732859,1582632.99193518,1534565.63666935,1556752.57749592,1423227.01948918,1313667.3569781,834836.824334758,198307.173618692,137297.818499919,1096573.94858142,1345493.32645365,452732.789444016,310891.46210616,"0.0309566108087067"
"1282","sp|P08246|ELNE_HUMAN",1299713.19007995,1159998.85073098,906785.499549976,899873.004843862,490225.863055942,557461.807797373,2357809.71105495,6063598.81902312,6361592.67686508,442518.408492448,423140.903516447,967065.019312402,1144854.73257365,"0.446041357500097"
"1283","sp|O43488|ARK72_HUMAN;sp|Q8NHP1|ARK74_HUMAN;sp|O95154|ARK73_HUMAN",4328688.95543358,3607151.05958597,4807536.29762951,4421154.34417334,4411337.75835217,4529189.83712516,5892405.2296586,3188991.10496346,3158187.10767178,3191895.44243988,3756599.04578651,3615757.98459238,3207377.03401159,"0.221365136986356"
"1284","sp|Q9Y394|DHRS7_HUMAN",1104325.48075348,877537.225583436,662502.225286441,562524.230837737,1307500.52514449,1155984.33207881,214684.172966217,853873.616726547,815604.713652746,862993.501968939,865081.507861273,1038919.03184763,1015212.9662536,"0.683397342532909"
"1285","sp|P62750|RL23A_HUMAN",553243.472701694,439228.113315701,440364.822110184,542290.872286288,372534.161939114,442006.436986277,718300.268698553,580773.842940556,607011.227133547,766536.433936137,760185.23146096,1031315.54665977,1022905.52216566,"0.284371964628526"
"1286","sp|Q15836|VAMP3_HUMAN",983404.078919863,1203856.3656379,1012960.91829902,863238.169724839,828768.11506421,704635.359086522,872693.1890265,1501233.26741208,1066111.86239602,1532550.22079961,1649254.50752089,449088.373714106,370441.521309676,"0.53902733920093"
"1287","sp|P17612|KAPCA_HUMAN;sp|P22694|KAPCB_HUMAN",408371.811431671,378885.974184835,579826.084924396,627965.520218899,454405.151157737,548571.207242394,708709.010145395,559209.070704037,391279.392703276,305952.495395911,409857.100659856,445418.519613548,421060.345563833,"0.578790471900437"
"1288","sp|O15347|HMGB3_HUMAN",172253.561372254,141413.380905298,114407.946809303,79238.1859880942,118639.657779303,80089.5991376272,68774.7372284812,578278.814476013,637254.281871923,308186.09701159,383680.813054689,478473.04028969,459432.726186576,"0.308410688839774"
"1289","sp|O60256|KPRB_HUMAN",236308.349701258,274581.042728228,275771.925284394,250630.443802161,134764.31887241,124343.970477598,445160.611490551,171803.072507432,171878.690973694,53641.9515918624,56614.4024499188,168002.571824001,194761.925217942,"0.879320510978676"
"1290","sp|P28288|ABCD3_HUMAN",264847.652242255,334825.426889908,325514.008103407,284408.40767331,357357.910950651,254580.816384004,213598.122888952,285860.008729197,260434.129035392,407612.233899687,409192.391021417,246947.703761447,234829.19373538,"0.79352097891285"
"1291","sp|Q93008|USP9X_HUMAN;sp|O00507|USP9Y_HUMAN",281331.330707876,260407.225662187,436142.657299268,321426.506979795,304977.930279154,293749.419268084,701761.114510556,310504.348136648,309088.954747421,241615.803518234,298613.85239491,234127.933018278,230223.333857962,"0.211970730722443"
"1292","sp|Q15005|SPCS2_HUMAN",126646.969339504,76805.1351936255,152628.919974018,139416.869531741,110972.371629642,114987.769900885,200108.858353739,352888.818665986,313667.663803039,548786.368011407,577046.079258692,739885.622177846,753008.795763861,"0.476966323820306"
"1293","sp|P01111|RASN_HUMAN;sp|RASH_HUMAN|",452237.62587496,508462.062317742,706655.271191124,567821.048677197,499049.893699099,534200.768848424,761541.224651224,478277.252248676,553647.919632086,257365.474055547,263912.010601263,498125.594604839,569371.794645083,"0.603170657870228"
"1294","sp|Q9HC35|EMAL4_HUMAN",135006.861599055,78603.3260338235,23967.9201370402,53416.6436724793,67964.6050580598,90222.0328651201,168062.767704224,236486.715431865,169157.631048983,64265.2114274494,75481.270393005,140045.015442033,146514.042468088,"0.738077879829593"
"1295","sp|Q9UPT5|EXOC7_HUMAN",87419.0204224044,121473.214872963,92812.015526082,135769.582578546,176397.033365328,154940.984546991,131305.300622021,95274.3305516994,130876.432837578,78967.997855228,82006.2279206163,112890.179045124,133970.544526225,"0.121378881789564"
"1296","sp|P62070|RRAS2_HUMAN",61591.6001141078,80220.7348904181,200792.724184275,106146.601035423,136789.51394603,121978.82189801,127497.299446527,79467.6489710563,70841.6816962115,67822.0163401143,57559.7915084095,44396.8765857492,32211.9137677154,"0.538222784599328"
"1297","sp|Q16576|RBBP7_HUMAN",40532.3323921686,33890.894378631,73453.6290302817,56977.1098724479,26223.1327427494,19925.8241155407,101007.44088933,82585.8172374919,86339.3619564542,17119.7494301226,17819.7826152147,202309.258340642,169139.236604809,"0.146646092771316"
"1298","sp|O14776|TCRG1_HUMAN",108572.363693742,145826.508697846,99334.8045639233,101102.573628304,164377.840212521,167386.770131487,101333.321637119,98545.3941367199,110083.200493989,201329.963678813,177610.525195969,155445.327981384,169676.013404666,"0.670971393247847"
"1299","sp|P25786|PSA1_HUMAN",1779553.62615938,1664543.57211626,1891014.92169256,2219984.1122718,1581177.2530826,1701293.87132477,3236081.80791583,8219075.91346353,9755272.28822904,1778502.52742686,1764214.51767394,12024581.0344234,12337928.8402308,"0.0738390504582079"
"1300","sp|Q6UX06|OLFM4_HUMAN",608313.728344346,734514.55997496,656539.354887014,640959.872411484,170651.296160025,114688.03906567,1113247.78567502,1965995.94762872,1576337.05986872,94004.9732054283,125911.991209444,443927.362336403,444850.870351123,"0.665784928864637"
"1301","sp|O43684|BUB3_HUMAN",181041.66057911,153383.662387748,130845.388623313,99922.5780999848,244103.147430399,186971.173213751,123903.707256266,290384.386871648,273253.290120983,226032.264921047,363466.067393032,177909.200792398,170728.936653531,"0.800702110439799"
"1302","sp|Q15020|SART3_HUMAN",79391.1497511307,58118.0634745472,81678.488587466,46616.7378225334,89512.2807065853,97716.9242049232,64522.8136560049,34145.1415142095,28313.2708335039,47103.4714431292,51347.4034029539,206630.483189718,183476.496735729,"0.390794879404412"
"1303","sp|P22061|PIMT_HUMAN",372579.173182412,386760.684223621,323479.141510758,328877.942565618,252350.24592929,249674.256024162,471072.401854768,204645.154477096,224827.021014081,148111.050096759,153335.764796921,177827.300497679,176491.128829904,"0.572643193198894"
"1304","sp|O94875|SRBS2_HUMAN",240571.779650994,239319.703632215,145103.87646688,175101.181280654,332402.730231001,307047.589825278,124695.555095715,15244.6085182802,27154.3942954212,78695.4037616207,56247.1460403993,48417.9747845076,50994.7407917446,"0.485759767087204"
"1305","sp|Q9UI08|EVL_HUMAN",325992.217015322,416293.306585102,126563.348368184,132215.228116649,156744.906644083,193407.073375354,62226.2778615562,91239.6951707268,111356.202433143,156794.815200609,145288.134643518,162274.060478732,179720.902423292,"0.519720226749009"
"1306","sp|Q71DI3|H32_HUMAN;sp|P84243|H33_HUMAN;sp|Q16695|H31T_HUMAN",15960512.1097716,18980336.4639464,16253809.6708723,16479922.6625587,14825622.5936138,15614295.3559273,35539130.2471739,35670789.4644317,30175206.6542678,26722523.5934998,22448559.0698179,18742224.0704142,21274590.8109926,"0.354388999395654"
"1307","sp|P61006|RAB8A_HUMAN",21455114.6393651,16404433.6581251,15367238.2342793,10058310.9169621,19364078.4896181,20819060.4745698,13591698.7538997,14465573.6076958,9920615.88633461,13490982.7850679,13153452.5799714,8195524.50390871,8736587.44902829,"0.34380545853495"
"1308","sp|Q92930|RAB8B_HUMAN",21455114.6393651,16133285.9943544,15515000.1403781,10156648.1757905,19868351.3669519,21408279.1672463,13854772.0283276,14547764.3668305,10003287.6853874,13404502.1261892,13153452.5799714,7859642.35210917,8403129.91280583,"0.336531242109081"
"1309","sp|P51153|RAB13_HUMAN",4369624.2126285,3327005.03792736,1625069.60615394,1561034.36227564,6242520.23054619,7436049.94798864,1737404.26912396,4737180.49470626,3837887.62482003,10118237.0888009,7545673.55998973,1060017.85279033,1558688.94602091,"0.659233973912778"
"1310","sp|P0CF74|LAC6_HUMAN;sp|A0M8Q6|LAC7_HUMAN;sp|P0CG06|LAC3_HUMAN",12766712.6628189,15184269.1711571,109934858.137536,136223947.880417,39736702.7339038,38495621.2548649,8533153.49771604,28191430.3831799,28521770.673212,13058579.4906747,13591900.9993038,68519958.9671056,61222803.6504425,"0.113298122799122"
"1311","sp|P13747|HLAE_HUMAN",40555399.6231901,35927065.4496128,33394190.7783376,46869504.8201212,40543539.3376378,37317183.8695119,27793422.3727899,34848881.8730854,31663299.037218,33468014.9860337,37005046.5916529,22101045.5884096,23608793.5645497,"0.0432721443291234"
"1312","sp|P17931|LEG3_HUMAN",2733045.76317436,3177473.42452136,2824042.63359259,2625793.12724873,2117205.60445763,1897864.91945169,1087895.303536,1360554.67312941,1322126.04298389,1107101.66986039,1101699.73536091,1251581.00316765,1307885.05712604,"0.548557425755579"
"1313","sp|P61313|RL15_HUMAN",1122202.50002131,789689.581650036,864576.086274403,844757.638577765,880345.936262911,915909.126847267,666733.465931864,1472848.55806163,1373274.48403387,1997120.67254147,1994138.11659604,900965.948420264,1227921.21500321,"0.916830623355299"
"1314","sp|P10768|ESTD_HUMAN",2850033.97911643,2898381.17894158,2538004.0999555,2920648.19327675,2237206.26024059,2352716.11722076,4053843.69446346,1948977.64986272,2193388.89596194,1089151.96482922,1135516.33243336,1189595.59317324,1611584.02451121,"0.636350323168166"
"1315","sp|P35754|GLRX1_HUMAN",1950514.03020981,1822875.04433999,1214004.0587229,1176342.28431212,1414272.06205837,1291007.38581153,1698656.05724874,654804.119625152,530168.640441449,1364801.6112369,1288931.76427266,560212.65993708,625224.57605731,"0.211108059608899"
"1316","sp|P61421|VA0D1_HUMAN",975999.114683491,959288.056271352,770151.741043681,631823.766299236,727073.820872203,686487.095746492,546628.176314554,616490.840296346,720894.987299835,650891.34033957,678664.913211861,409964.816776263,586132.628884365,"0.360909354181839"
"1317","sp|Q00577|PURA_HUMAN",1157985.66047368,1450450.09612803,2445848.37104835,1881039.90092636,2356324.71281266,2132957.52133016,2195893.14774108,657162.996631467,683724.7547148,1142623.73540462,1347865.62967027,976596.117390626,1032252.10615336,"0.213173545103662"
"1318","sp|P02655|APOC2_HUMAN",1168102.67731468,867058.622572219,1579844.80960237,1357762.75861338,972589.081825617,1187031.50137316,6040682.10373762,214223.670971237,197499.686706558,555747.471512486,581515.805979874,186231.154764242,203468.202177226,"0.301926916900199"
"1319","sp|Q9NQC3|RTN4_HUMAN",1620386.79903954,1375170.93775486,956038.158734324,1096681.79546765,2425987.74763965,2459104.52027911,686946.691399574,1112646.46055127,1147244.55147195,898935.124884011,864362.119320459,1300100.52218017,1222527.76143753,"0.751701565928921"
"1320","sp|P83731|RL24_HUMAN",838853.456940558,827334.134769367,1349067.67202679,800239.231340861,1388065.41009291,1521472.37406522,680433.812944156,1288003.74265827,1085332.6836527,1565736.85020662,2391266.64478278,1214799.4159718,1069536.62951537,"0.880118582743978"
"1321","sp|P49721|PSB2_HUMAN",850699.700159697,732435.489710191,553353.811276116,643450.804406372,611796.61954157,528733.316975572,771147.259053413,665817.341572595,666562.349482265,775602.51585006,732072.355683373,456496.821272411,466535.103208107,"0.132968168350003"
"1323","sp|Q6IS14|IF5AL_HUMAN",1081781.69278026,1103954.01216054,1323300.61852475,1284773.9307506,713691.092214618,682122.084814043,2010798.1862552,1130844.95350965,1033549.88204736,847416.201481119,833454.942403927,1022993.22798708,1015091.50567986,"0.964214155871505"
"1324","sp|P49407|ARRB1_HUMAN",1158749.39609631,1245494.25682132,1410685.3814554,1435401.0378769,1807480.96316531,1802692.97868415,747995.006746145,374607.755534079,406087.887273597,520026.333891087,524804.782081804,222043.858118776,292456.189589051,"0.385210485060286"
"1325","sp|Q8NBX0|SCPDL_HUMAN",664489.582528172,649424.480596695,344123.875013263,329642.80767789,316674.122130969,347203.935749826,423271.777313904,278408.116238024,301687.347338148,359961.128561718,342578.007367328,435005.175069066,474609.140277073,"0.588598833303863"
"1326","sp|P20160|CAP7_HUMAN",3791118.28450164,4330290.35373088,5387881.55228566,5295013.49808436,1951416.70011395,2009275.50250426,10156539.5620421,19643591.4331778,21494667.753725,2346745.3184833,2638745.95079262,3900245.11012492,4314030.02558728,"0.369038661648152"
"1327","sp|Q9BW30|TPPP3_HUMAN",2519003.6249849,2624996.67845142,2684980.44317914,3070592.12127808,1804534.57742671,2128112.90140695,2622605.56484775,895718.701769034,1165512.46863761,505643.549579564,420583.625049992,3099534.68245293,3094142.27814212,"0.893167208128018"
"1328","sp|Q07020|RL18_HUMAN",965042.282383345,720981.166575979,1020770.72844816,1370040.16341231,1261576.50212009,1172728.43267326,791200.940708476,380057.768553817,398367.234014824,1542756.93711532,1746850.11878502,1084388.92632876,865540.836559801,"0.671994244191826"
"1329","sp|Q13217|DNJC3_HUMAN",231710.80932468,214906.233518245,229765.58837999,239794.612829732,83812.9888587533,105064.090346176,300023.727097521,259648.493405554,213175.3669477,179812.75444299,159680.912189991,264356.18864433,317807.862723748,"0.556388702008305"
"1330","sp|P51452|DUS3_HUMAN",954563.580321888,864825.290300708,784617.031441895,897203.605567591,1008415.52488593,861693.744902438,339092.323776287,524511.258733871,584461.512544972,881933.14669178,835636.636220827,312533.748456456,355933.301101276,"0.0713741500829377"
"1331","sp|Q16527|CSRP2_HUMAN",437244.150204714,379190.007586284,413034.813647858,387041.096506221,417760.814604875,407490.367749565,449829.056471648,325413.697186816,336624.962844385,350426.389018067,247605.547235555,201757.04631792,223393.503151726,"0.590273432749901"
"1332","sp|O43809|CPSF5_HUMAN",214083.180777172,227064.190262895,153683.292343129,183728.367121361,180767.783028808,139866.815164298,139168.888419774,231541.730435653,267542.346465253,192228.928185145,165314.863012513,202134.42885922,213352.031072474,"0.596013656306991"
"1333","sp|P10515|ODP2_HUMAN",1084155.05088965,1052706.11605252,858439.30882945,950163.244187212,542260.210861423,498072.187466948,398947.063812324,476656.808830251,478640.544117913,727444.050711979,747344.654971507,1042173.81789969,1033295.8489161,"0.639180975348017"
"1334","sp|Q9UMY4|SNX12_HUMAN",161017.794266456,167324.019959544,99961.10478059,73030.1011336049,242900.236754983,198345.587163103,70421.3743245323,138791.06360898,142232.048450793,205832.01887514,173301.025678975,62898.6511550967,59597.706470688,"0.264816065545865"
"1335","sp|Q13740|CD166_HUMAN",679329.779327189,639459.464476248,572481.292723656,596420.936331469,559817.527234914,548736.662306375,881048.363596496,769786.203743957,639689.171545433,206198.520361761,198728.975572614,365633.105922831,355357.730451878,"0.78320996602476"
"1336","sp|P60891|PRPS1_HUMAN;sp|P21108|PRPS3_HUMAN",2615594.08274187,2966081.55132866,2922939.31976073,3094362.17056603,2470258.29620692,2114532.46327816,1523955.76328513,1391708.29874528,1578242.71180104,517429.17381209,589221.488544935,1411739.81791721,1303040.57470225,"0.696829541759932"
"1337","sp|P12830|CADH1_HUMAN",165738.030425758,226199.561235781,291791.136036667,231234.433145035,277809.95932766,271454.790500427,215629.276629879,369226.491714535,387146.475533737,229889.283973135,225514.559863501,267190.7878039,258689.000394748,"0.155593158961971"
"1338","sp|P08754|GNAI3_HUMAN;sp|P63092|GNAS2_HUMAN;sp|P38405|GNAL_HUMAN;sp|P19087|GNAT2_HUMAN;sp|A8MTJ3|GNAT3_HUMAN;sp|P09471|GNAO_HUMAN;sp|P63096|GNAI1_HUMAN;sp|P11488|GNAT1_HUMAN",23809944.2949052,25759028.058213,27483714.5343841,22829984.60593,24003388.9610891,27104059.8631192,47385506.9962319,16191579.5495232,17361077.8010856,23349777.8972328,19554799.5022241,15652108.2738584,17739940.9270345,"0.368089897821894"
"1339","sp|P02775|CXCL7_HUMAN",1407117.67031519,887334.454987246,1357228.58795897,1419928.66230701,508343.207842577,468420.688214553,3372816.30833281,108595.911448499,93668.484716441,126622.53877574,126452.043911679,104272.714411069,115440.583340438,"0.493513502392427"
"1340","sp|Q9Y2X7|GIT1_HUMAN",293205.735858161,242514.687123464,150362.916228706,186292.994306557,394468.892043013,343360.109177297,102596.984463765,227051.085599902,261726.945586,271625.127464401,251004.083699358,128852.888830392,185913.032138449,"0.200499837210517"
"1341","sp|P16949|STMN1_HUMAN",895151.039987887,981317.658082692,941373.662235831,926334.511708968,903878.815231186,938071.078197597,2009195.39449036,3534658.95191161,3638896.22834329,844189.110575126,857348.80336937,1236263.38985231,1169862.46320012,"0.271830906415516"
"1342","sp|Q53GS9|SNUT2_HUMAN",287582.600315598,281568.331202857,411626.109853302,397267.474538341,361924.041140454,339573.483660844,763493.619852233,396074.201157249,400259.978399162,439791.605344206,484222.453427032,455294.604936942,479918.888264945,"0.622947031246326"
"1343","sp|O60841|IF2P_HUMAN",119973.578266096,98777.2798388801,137259.714570707,168490.581738656,121405.56455767,110489.408663362,66026.6384202068,315140.573847661,332078.1264128,215477.827345083,223360.304148683,182945.187898736,183843.847296082,"0.460558465333797"
"1344","sp|P09669|COX6C_HUMAN",482353.176294474,120892.22315398,417141.304823727,295178.884866562,146662.447403081,138172.591349671,98429.6861670407,341766.793002554,282650.164370004,189812.636609989,200379.763948962,279540.02957049,405065.705108659,"0.707365651504749"
"1345","sp|P47929|LEG7_HUMAN",73971.0263364252,58796.6114250354,77402.7719508703,105505.067234434,48690.8104144865,35565.501893233,180894.777305581,45730.9536206778,41876.883251988,26663.1693834281,37508.3914714795,1498882.92670133,2292498.92880516,"0.200529264166911"
"1346","sp|Q12792|TWF1_HUMAN",249566.248802725,206344.140697527,327690.836799579,505764.746296745,317260.759208467,303567.492763691,289680.703854686,852472.696606694,887868.764403974,533313.600501123,506586.469995737,1007419.15118297,1089910.31076468,"0.0950206072158118"
"1347","sp|Q6PI48|SYDM_HUMAN",412895.559427099,363464.50110577,303406.300961236,330037.836715829,320076.747645937,290568.014936578,164458.576970753,232837.985801766,222388.146146498,214712.79807592,277708.718661619,226005.203312659,227398.970000824,"0.340689125318638"
"1348","sp|P00966|ASSY_HUMAN",984626.005522725,1147911.4079699,540074.728931587,392593.065126283,540486.841896942,510257.815322066,411075.305959671,570711.604568998,521383.589257964,240937.652459539,284618.425392874,191958.596996622,206428.578161453,"0.501282087068561"
"1349","sp|P52943|CRIP2_HUMAN",2814341.12611971,3273062.73867215,4998534.92441574,5487761.06486329,5354226.76382734,4785153.18475989,1364815.72687154,515220.510909145,431877.019257938,1422944.51612313,1452995.23341211,1491285.75408263,1495997.9121656,"0.408639295632193"
"1350","sp|Q13618|CUL3_HUMAN",351982.057211851,348253.244472064,436168.185237214,393845.558147631,303729.218616236,366190.536892514,650887.697488924,357121.062412469,340470.967287296,357016.78236478,305246.228049002,267741.697141285,248979.930992148,"0.490265085913749"
"1351","sp|P14927|QCR7_HUMAN",258569.489825747,286912.933107052,376885.544355402,515957.322193181,461969.606083107,452856.19391714,451736.741396471,474749.504128392,426264.744394378,425516.438775321,483861.556185696,273876.275565147,289677.924969156,"0.952266559905025"
"1352","sp|Q96N66|MBOA7_HUMAN",499156.054798029,404351.444767162,445948.01356351,335379.038010858,361392.240006747,407854.495081328,427956.829776129,678843.948053937,681882.709059247,606374.898665649,483448.071002498,443129.528630536,392213.45056426,"0.606184920841583"
"1353","sp|O14745|NHRF1_HUMAN",947168.057251724,836482.337804189,895777.547106806,547010.790022031,643716.764596865,674425.410436191,923078.883882925,1215576.72379751,1454366.95823986,939189.58936743,628186.812677105,1768248.74121155,1612761.99060143,"0.133367162180446"
"1354","sp|Q9HB71|CYBP_HUMAN",247853.051488402,257789.066797722,450902.203564764,357633.28245772,386442.542626939,421911.047937632,274023.950731595,146664.01820853,191601.655198808,406835.663527155,393453.66662183,808043.248945462,697572.642799849,"0.240513921911796"
"1355","sp|P41250|SYG_HUMAN",230649.75304056,258152.718520596,263105.673181172,249870.942980313,198140.750248586,188923.169600487,252200.524957279,905171.74700095,947441.211281883,356107.080552666,359280.339760264,973221.051940005,1081857.9214922,"0.0484896116413766"
"1356","sp|Q15637|SF01_HUMAN",65185.6449300514,78182.8084501331,76882.2432824272,71618.9005756492,70283.208662966,69286.7122263531,32923.036435148,161403.841174242,181645.494820486,153833.634419171,126625.599684746,144372.285766782,158643.864461453,"0.295757382890506"
"1357","sp|P52630|STAT2_HUMAN",108562.211696037,92304.4301603083,90348.3668736864,101922.92983033,122969.188883772,124212.161568625,59457.3650604597,233268.103277029,162284.599593145,194357.869610239,166236.8033234,159508.194160236,147789.41937424,"0.496230244524621"
"1358","sp|P19878|NCF2_HUMAN",461196.029502277,425408.990202739,97303.5867299022,130946.1555825,255887.020737306,193764.241445137,146258.833046951,615700.432149056,429874.813360736,164852.491640175,161919.315890034,314334.93194606,277460.26139078,"0.828209399881373"
"1359","sp|Q9UKY7|CDV3_HUMAN",245785.001230218,296266.014503176,317726.251418754,310886.693972333,369176.733191886,407114.562201517,97148.5301831349,586442.995017069,624447.756013412,880463.44508082,921046.547814309,438357.571564556,408492.076528817,"0.869271557492561"
"1360","sp|Q16775|GLO2_HUMAN",273301.279163446,302130.508837062,207592.83452585,206898.266158553,165536.26000137,146609.209900692,450217.875743341,131238.731873185,94461.592487064,89415.2829199068,85272.1833523941,123725.177884041,122556.054772575,"0.565901844343569"
"1361","sp|P24557|THAS_HUMAN",437331.647171162,488693.262069861,382004.966596198,403026.124823344,437221.674355366,330361.425027763,580075.182663519,566284.802884839,528616.588938489,425915.268202402,479519.840092678,481352.567448945,473189.106223824,"0.53467083602172"
"1362","sp|Q8TC12|RDH11_HUMAN",172265.099514271,90530.7746858767,161506.403280245,217062.785515827,160274.06955387,148839.162447652,181090.098110052,153199.153903836,154520.719565458,88449.8782235638,112030.725828419,169948.021601682,134963.943003905,"0.798006723501815"
"1363","sp|Q9H269|VPS16_HUMAN",157480.016325927,159510.924973578,149815.144815845,199110.92665916,172657.008146756,125256.10585925,39602.5602871336,184942.210055689,190049.900570279,277339.818783558,269106.611992952,88148.9356315505,126213.212086861,"0.76381298810574"
"1364","sp|Q00796|DHSO_HUMAN",702996.812804192,671050.398444081,689688.657050897,650360.103302589,445764.416242253,479347.403784491,1303219.25803037,1324191.80541867,1367969.94312022,673584.981002786,739082.072674457,532752.138806053,632943.170201159,"0.671358555177149"
"1365","sp|P22830|HEMH_HUMAN",76443.4508865963,66130.9688686193,197492.788417608,158175.567727627,102915.246238155,89071.8028221713,46504.7405035012,246898.656333094,226098.625303801,174242.445264731,150329.653961839,218219.036054549,202998.217988938,"0.240350314242445"
"1366","sp|O95833|CLIC3_HUMAN",567395.100433152,606392.926212985,434186.068906232,476668.363476659,532202.896481467,506903.339096539,1171586.31592447,69816.7489081998,69226.448535376,96332.1940259728,102448.793748579,90174.5493947554,82942.7172641001,"0.481035273052018"
"1367","sp|P08648|ITA5_HUMAN",195977.348860433,165113.404439304,224229.004430372,288467.604336492,402870.260927885,437998.942941078,177239.508777297,481047.73548091,524070.985143429,455171.20058167,503489.761160734,236643.268064215,221345.092647174,"0.847581598386715"
"1368","sp|P13987|CD59_HUMAN",583405.496861875,483047.084582215,776474.288598791,891720.896468377,1080802.66529539,1106657.05940507,621744.370689537,468893.527771494,510593.839787879,312864.796909897,299422.427044046,595808.776941081,637020.472673529,"0.873049039479671"
"1369","sp|O14964|HGS_HUMAN",84948.9633787219,131847.207868218,105043.026083952,87326.6038016972,110051.495126663,116115.47909211,159641.59286869,131154.260484865,156665.587060634,102908.132389997,132883.652719214,77573.3409296429,91523.8340716636,"0.915536111821413"
"1370","sp|Q01432|AMPD3_HUMAN",44531.3553307517,43533.8212120092,40287.3619525539,54290.7409325463,33620.5175960003,37102.7994076891,77008.4095264767,136446.769133724,135515.49395994,60896.2531343419,63550.5552498618,71233.3854831225,79301.1290821802,"0.159477617031725"
"1371","sp|P15498|VAV_HUMAN",74976.9912237654,123270.851297533,53622.6071347479,31339.2891364941,154935.436582605,149749.505818853,35114.0369825896,147529.50769648,113826.962573544,163569.472195349,257987.174419453,127148.950545964,100156.058181825,"0.904852674072262"
"1372","sp|P23786|CPT2_HUMAN",428567.619817988,543258.975899181,269430.905570116,192678.913386611,156599.229572206,147667.193799717,75077.5365949305,510791.599141626,495054.644569261,217384.541237151,233274.27698714,427802.72551234,391053.835109095,"0.865326040287951"
"1373","sp|Q9H0A0|NAT10_HUMAN",65789.9183043374,38156.6403330449,24961.5687903878,20871.3242526319,46667.5134542337,25564.4986490083,48187.0891857072,279372.642796245,293714.431418541,27651.1645228911,42105.6600756208,158921.670902414,171419.380689807,"0.158050371396068"
"1374","sp|Q96BM9|ARL8A_HUMAN",381504.758464588,378003.460122244,520001.970685447,463403.583615163,469771.142783808,330721.194890887,516723.810935014,521512.558475517,482509.9480695,542116.442640276,539283.842418855,316539.467041412,328312.352663208,"0.861162958497462"
"1376","sp|O60443|DFNA5_HUMAN",152914.856296176,190844.491001913,47766.8359094941,48251.5651252491,71505.3250651023,71969.8723573235,200250.917073775,129993.11258996,168984.915110526,281061.905263382,358881.969472494,77068.870457037,93377.1558448722,"0.668354760528799"
"1377","sp|Q15819|UB2V2_HUMAN",29745.7391528796,17074.3852379827,45162.1404055985,33284.5142706396,48740.4535578956,26589.6230883626,38243.4707039793,221682.539814046,216880.500629147,53203.9731574813,76671.5186090434,109842.835422248,118287.217359208,"0.168063325280005"
"1378","sp|P25325|THTM_HUMAN",232234.227778127,213109.10313656,178744.88662017,173820.301819307,166342.243778814,148329.529720202,402849.889766136,132110.188821201,121901.05720114,114019.892583049,120324.470759184,102894.410648343,125883.802191596,"0.48106288895047"
"1379","sp|Q14914|PTGR1_HUMAN",130973.476789902,154159.61446946,206609.290348808,253583.3358486,262254.538603765,219506.697436036,334113.613758979,53988.1241455308,38362.2129286504,158524.679604495,191186.385647541,486134.700736478,557301.984537672,"0.288745504301572"
"1380","sp|Q9Y6G9|DC1L1_HUMAN",272840.719747882,343895.030995695,319236.303774845,321535.580028301,247880.100753487,261841.999127895,471002.783204578,157671.054068486,176401.184198017,172824.6767596,179082.996863243,235011.550488304,215346.738240817,"0.634204688803757"
"1381","sp|Q14558|KPRA_HUMAN",104875.791347636,66053.8968940949,98696.6324612396,110020.84845542,83317.8802837011,70769.8666413657,203759.134773299,86879.3058390983,118398.488028526,93354.7299742367,81827.9224445914,36417.8303186269,42205.3384440906,"0.379514209924109"
"1382","sp|Q9H9G7|AGO3_HUMAN;sp|Q9HCK5|AGO4_HUMAN",727637.426530685,554164.141636351,341847.863354051,254215.77177977,353633.017145746,347021.143907843,441831.635189395,100925.812025951,133107.339850213,184777.383354693,153962.321355427,168594.074064488,176460.965328241,"0.510525904198086"
"1383","sp|P02794|FRIH_HUMAN",141537.646870412,191778.128058474,24662.7391749459,23915.8151564058,71620.551084753,46211.6893044317,8722.37531130299,197036.006077708,172551.933481573,168357.717576662,195246.713963242,63711.7985276644,64520.8378955348,"0.423232539779087"
"1384","sp|Q0VD83|APOBR_HUMAN",714370.319914441,753534.667835933,251749.955408379,296415.309207354,223461.227854249,266460.454330141,638132.430948733,386478.964432596,386578.809956229,184975.54280147,179521.509296045,227685.41944988,211974.106770505,"0.576916346667034"
"1385","sp|A0MZ66|SHOT1_HUMAN",129288.668163739,148804.127206729,149319.786471982,161056.069067912,120114.263016078,97178.5392158013,111751.525381247,145024.516643449,116951.237746447,67308.8105685354,70401.6488021543,134867.322947496,140670.782829861,"0.873309336927848"
"1386","sp|FABPH_HUMAN|",323540.258747571,315629.855308494,58235.7344194251,45729.6050041171,92164.0418094286,74109.7927495974,437108.811921796,76557.4923408117,81500.2082864546,20046.5038438562,20024.5321808624,65258.0418548206,73262.1747535749,"0.574231072757133"
"1387","sp|Q15631|TSN_HUMAN",1109125.02574404,942816.246485995,659543.289127241,812519.825080423,922702.191666538,766497.980550105,827563.094107437,1071347.3563931,1004981.00250289,781895.453003395,697599.476477234,734131.766105872,762774.703270276,"0.694553364888402"
"1389","sp|Q9Y4P3|TBL2_HUMAN",89030.1336471538,109948.007042094,79723.3557821905,73090.9952340411,110849.806089715,113125.068526789,73039.5700027345,133807.256300836,150346.894322953,286042.657802087,215447.128499864,144650.012207997,162027.582194397,"0.644887446492677"
"1390","sp|P00746|CFAD_HUMAN",269967.35045347,221268.459789984,1115667.59704554,664207.136218828,783324.280037692,655631.313128993,739060.016278095,94838.738267779,87207.5961537022,201225.168751361,174805.344134877,169003.545711748,335455.984450896,"0.679355014330463"
"1391","sp|Q9NZ01|TECR_HUMAN",265127.010263127,156413.947805398,148210.274531181,134929.542121886,148675.464488422,130919.206227755,171664.093026974,360958.038962805,332731.352838052,171383.15928185,133725.447026668,270950.27104902,231418.431662567,"0.74542718838569"
"1392","sp|P18065|IBP2_HUMAN",20562.4286494513,37066.5033524998,41368.956748821,39108.4005865286,11079.2684882098,10222.8478431967,42803.7506791199,127090.109744761,94774.8307253516,69789.8616716816,44163.9438510071,239051.635796092,228945.496702108,"0.0657999555550506"
"1393","sp|Q96B97|SH3K1_HUMAN",260886.473836478,192725.095005333,97683.4061975768,114994.048692827,234799.018449084,244515.645780561,96212.6356193798,144734.553152003,149070.467952538,299303.782692634,266419.036915964,174331.241428692,187706.841278328,"0.168243331172126"
"1394","sp|Q8N3C0|ASCC3_HUMAN",13603.0867385846,9585.21987250838,18216.4510417348,13412.8869841872,13911.614660386,28135.364774466,7322.57521932399,59678.3912335416,58608.5745374387,54333.7052106892,52426.1128665771,28329.5269885092,38148.5805906389,"0.614526386509505"
"1395","sp|Q9UBE0|SAE1_HUMAN",165233.499668507,195519.595566374,89828.8922795767,85364.026624358,124278.543999499,123363.79064827,45258.340672684,112237.552454387,95029.9472166896,104712.360907089,84208.7218445259,226277.838385039,333735.752249544,"0.525119584903932"
"1396","sp|Q86X55|CARM1_HUMAN",137405.496319142,170877.019505049,97728.3896945029,114725.595469843,112626.238108507,83910.3125267015,243565.710968748,172580.639910231,162866.992820968,121577.145922633,132601.142075494,168452.488183159,176365.628418114,"0.181927017856841"
"1397","sp|Q9P0K7|RAI14_HUMAN",244422.284202734,256089.406951323,385863.705384112,312787.918695717,284917.951789759,304966.595200936,123571.128794878,162548.285030215,155240.512413917,222120.899433865,241853.637039502,129227.340195329,110006.822894994,"0.0504390572958219"
"1398","sp|P0DJI8|SAA1_HUMAN",189511.099265672,148352.131914506,6896858.88879348,5887759.46321853,55285.9522268393,58872.2436391814,944169.702836917,91910.3005058773,65867.5475725614,75513.6383721221,78859.6263651042,337199.085526662,299844.18826271,"0.675461391566727"
"1399","sp|P30566|PUR8_HUMAN",545094.490747159,474081.016042658,607000.269443265,701369.781682946,186003.060937117,149355.172289013,905862.951430998,311010.97263348,364621.44352016,357017.450514351,377585.867304387,253193.139552099,242535.741258892,"0.316073628537731"
"1400","sp|P62277|RS13_HUMAN",564639.075963544,488611.263220269,348948.556727726,479480.531497987,484554.565301683,495057.618149602,491881.627193691,757067.692035527,923523.46203305,1260240.39344214,1037025.36039074,1371215.34408512,1274630.42411014,"0.338925928800612"
"1401","sp|O15269|SPTC1_HUMAN",176266.144401173,204484.437976195,192844.73227222,258507.949343007,165457.796654476,95186.8423145056,474573.82403974,257648.381117631,212903.176249703,118774.072886907,125057.377985554,101973.13118287,158846.191822301,"0.842654312998444"
"1402","sp|P49790|NU153_HUMAN",25394.4915350604,40859.3292647721,45955.2047538169,39860.8361782668,51281.7160782877,59249.6202308503,59399.8974894977,75624.0215609295,93059.2949957194,54389.5162130379,52615.6642639509,73940.95764041,87564.2084970603,"0.184444148724093"
"1403","sp|Q13595|TRA2A_HUMAN",337249.273612741,359029.503220531,420470.227043513,450934.358866502,350760.846154193,315069.26397659,299753.729034956,340632.992027982,292444.027275328,445969.149365344,474040.322641551,788062.206856909,636905.367466973,"0.325934452088167"
"1404","sp|Q8TDB6|DTX3L_HUMAN",220316.706220144,219676.420213796,174540.35586289,148505.436510018,249124.40779453,201128.185303875,120295.58742135,336468.110841396,326167.402634429,215428.720081265,252288.435213972,167576.677084576,179362.866465682,"0.813987007658525"
"1405","sp|Q96AG4|LRC59_HUMAN",1224620.72958779,1308712.3551011,1035028.35071726,1443721.11007774,1373927.14471312,1285828.8939544,2175860.41412515,1088365.38046387,1137989.24846254,2549637.92522902,2497183.24677628,1308789.27551695,1092658.591083,"0.863924729523909"
"1406","sp|Q8N2S1|LTBP4_HUMAN",167819.032639519,86456.529534707,454987.991967731,396077.669479689,234048.7428058,229991.292072502,27728.9996573496,43917.0215745718,47152.8414741193,113830.536607904,128325.767437425,53938.8130301646,101321.343548861,"0.120152155779323"
"1407","sp|Q96A33|CCD47_HUMAN",84973.4415582611,92693.8391081081,63594.7074053697,83026.1926574289,72008.4928485963,56178.4595121899,28616.8849795911,124126.163602335,86306.5730808728,102892.912918282,100276.060940474,130858.611249508,100262.061598238,"0.355925253444228"
"1408","sp|Q9Y224|CN166_HUMAN",231583.235904796,257350.755921368,316688.822168605,334964.758457753,160632.779022433,163861.873987071,452923.595938534,699464.158278583,664698.271213561,339521.660322586,311477.078778948,983669.409243049,957521.675985528,"0.05719409156517"
"1409","sp|Q9H270|VPS11_HUMAN",190315.36896364,227381.301387316,172037.888739247,169707.355963957,301644.425951754,276762.939930887,47320.3223081702,242943.977191088,334726.530226914,264771.805327367,311582.854021663,131131.153954297,138995.445817282,"0.860374763430949"
"1410","sp|P26885|FKBP2_HUMAN",563039.492508084,524614.835423544,824767.062799216,908324.609959915,521239.556333915,563381.611698874,1029592.89243363,777661.111524707,850080.411807811,680561.965812061,598288.763644196,1127410.54154544,1400432.07476944,"0.0766994407822928"
"1411","sp|Q15052|ARHG6_HUMAN",53308.4282963111,68819.5020213788,109339.396214853,128091.283696986,82327.6205628805,84858.7253961986,83097.0521443909,60972.47429789,45402.1635252067,49088.7685024738,61667.2547829823,89849.8932977626,88353.996069144,"0.406530936328921"
"1412","sp|P00748|FA12_HUMAN",487246.261790976,757302.347595211,377630.237912759,642341.759435517,223623.22612122,244129.055959187,462630.611362096,88745.2350552824,122339.61844633,229955.900457073,236262.015430417,203060.206189764,195845.86682021,"0.411150242990497"
"1413","sp|P00740|FA9_HUMAN",132469.634164533,146804.723650495,211788.022297807,256140.787010225,192037.623357695,129834.157648316,152535.559084931,59125.9862701757,47484.4702111827,144139.520534079,175412.049239681,64059.0267180929,88195.8777081501,"0.202926400657233"
"1414","sp|Q8WWY3|PRP31_HUMAN",71900.319215517,54158.8026252013,52017.5360859826,30451.5905426779,57041.279134777,56767.1152751478,148195.403630083,104824.522384236,102840.960669155,134447.761171406,117478.562136731,106011.55306789,85294.5196396531,"0.637844146093618"
"1415","sp|Q12768|STRUM_HUMAN",228192.965932953,238569.964344177,228656.920159673,217567.566000557,195433.681121855,202356.663363345,121449.790455842,152831.999728087,169566.036019361,116570.808859324,132073.869706234,143581.940486313,177949.042325438,"0.62300864253764"
"1416","sp|O00170|AIP_HUMAN",130431.215264282,141034.574061627,54972.8103357454,256978.266290354,190752.534659661,188545.789758295,62816.6379233952,297502.959506215,267910.721254498,304094.325692092,288415.718242124,373898.923171704,182465.150973226,"0.512903887955749"
"1417","sp|P12532|KCRU_HUMAN;sp|P17540|KCRS_HUMAN",466773.655868564,356516.93142552,165467.812803231,168469.488193608,334165.579054716,364632.384100274,50746.1905120418,2194201.14732055,1297587.83774958,642531.589034076,770097.291699722,569646.302749429,403078.936030348,"0.618385602223155"
"1418","sp|P46976|GLYG_HUMAN",317851.270916987,325027.392177537,333555.583393309,320117.794440991,234360.18899637,382830.553477949,257612.348076759,167757.230169879,146659.711747936,337085.428123585,291394.51154844,221382.650389679,203468.054788995,"0.134376592594717"
"1419","sp|Q9NUV9|GIMA4_HUMAN",54428.1873047238,55991.2232278181,276536.551775121,314005.339266609,310175.471128397,409557.345548631,130753.691015351,85608.9675206824,123106.854986829,141469.736851618,161542.914498763,174712.721194832,150971.20902839,"0.572452517918521"
"1420","sp|O95486|SC24A_HUMAN",78445.4840971776,85173.256513587,98422.4733952829,100471.950821249,112509.407058886,109164.284695248,55180.0486882957,285776.908118359,330365.028674522,304855.522570857,289230.970548376,587342.628492764,645081.747722361,"0.187195424573098"
"1421","sp|Q9H3U1|UN45A_HUMAN",90714.5524966797,186269.343803537,112368.1640155,120207.910850097,110312.247571712,130928.136033449,85800.0155738066,164812.216257866,130504.27597887,113323.100791293,95931.2736039671,87770.1234414594,53172.3217283921,"0.841704980833301"
"1422","sp|Q8NBQ5|DHB11_HUMAN",832069.013735893,1367797.9433554,708709.29053428,856260.566236137,1026242.37521321,1189329.9649308,1083088.6762655,508830.999157059,409118.750506017,712021.007245572,762573.05303324,581981.059060812,529701.684190396,"0.0411254943563851"
"1423","sp|Q14573|ITPR3_HUMAN;sp|Q14571|ITPR2_HUMAN",302515.772461434,398682.297276327,395463.928818021,614731.330268895,374498.957022868,385182.51485218,501249.134344408,263700.713417252,209406.902121228,336213.697633807,520000.445118888,311528.347910653,194665.889114053,"0.530479267329544"
"1424","sp|P20933|ASPG_HUMAN",52586.1666661826,69726.282647499,45820.0180508557,39084.9843551325,48725.0608300241,60368.7228224758,35802.5988602535,59893.5363536613,94047.815916543,121659.29632196,101031.797732147,42788.8973062574,57057.6924653048,"0.841399894081891"
"1425","sp|Q9BT09|CNPY3_HUMAN",124239.659610118,198983.804962327,72900.3296671993,72180.0675239874,84842.4961779586,127484.344761845,87350.4666517256,93217.5635981697,72599.5043073419,65593.1322876177,72603.3340956442,397896.953833406,398279.613427225,"0.280238448059632"
"1426","sp|Q8IXQ6|PARP9_HUMAN",104242.130824334,120976.459988602,161130.192897127,140553.908720435,153784.200362603,128087.838259383,77323.1356803559,253522.489008028,225638.740438809,162287.219055642,130753.927053491,146738.098439202,145935.594280227,"0.101379969446697"
"1427","sp|Q03001|DYST_HUMAN",1029709.50578231,788203.280443698,875869.690852349,860452.520318147,1101736.18116713,1262971.21634769,725862.683736503,2002719.41332274,2031313.34548821,2201533.5867853,2368350.98556633,2801730.07479552,2718667.12162159,"0.469171999475777"
"1428","sp|P49916|DNLI3_HUMAN",22079.5045777023,34126.5910037905,24530.9524291154,20221.7663772989,35790.0887578157,35434.4552663025,50980.3107974558,135627.737232658,140558.618129793,60116.7583923852,63433.1905614609,93836.7256323821,114479.414200549,"0.168859066418103"
"1429","sp|P61163|ACTZ_HUMAN",150734.5989282,167307.037167919,127986.359327507,118107.49331661,200841.934611693,160854.689936819,97893.0152742996,92908.4306737799,129019.397131421,65488.6005035152,53024.1474609711,154919.918749788,124605.402826336,"0.955110815757134"
"1430","sp|Q96GG9|DCNL1_HUMAN",178866.248796447,165707.156814738,139369.340442728,145845.187083358,158735.483384674,132371.37743218,288570.484435073,226070.022343134,216093.960636928,173007.979261585,139189.659997269,251930.666025773,307225.807626936,"0.165196210662694"
"1431","sp|P46776|RL27A_HUMAN",336947.1443891,343093.951117686,642966.826114925,736015.657959663,361934.439852312,351827.624392499,717319.10074565,102079.709134277,118668.570016944,616862.609754278,564368.575240599,646454.339017607,711938.198870155,"0.639005946138486"
"1432","sp|O75368|SH3L1_HUMAN",1160941.20795929,1261564.10524383,1197283.6012898,1197253.47901618,764365.58005947,696831.239894435,562576.606825291,1038333.37910816,1321359.7547716,778873.256225489,855188.612992127,1144445.35639245,1220542.25723035,"0.790634132964365"
"1433","sp|P24844|MYL9_HUMAN;sp|P19105|ML12A_HUMAN",399134.466326682,486653.977844092,1009306.47438367,902168.574159224,1142834.55278933,1764976.65316206,170298.871895903,591292.207231199,504535.435323942,856219.206895756,809207.771108596,460693.686493724,471004.531268782,"0.951240396492837"
"1434","sp|Q15435|PP1R7_HUMAN",916559.891120544,1169280.81361982,877149.176712259,897924.47835787,1034066.18302468,948390.352111944,1204263.27361251,380727.726225786,434593.328034358,742539.27393383,697030.843251716,405980.053945934,376986.254959179,"0.169859133337839"
"1435","sp|Q9NTK5|OLA1_HUMAN",516923.017046369,418744.395376206,197607.004085927,190655.395692907,194710.359468991,239005.847251282,547744.897800297,313888.367714809,313418.895183119,128482.268677126,160170.749745518,877745.745517351,834917.092804249,"0.644192458046239"
"1436","sp|Q15907|RB11B_HUMAN;sp|P62491|RB11A_HUMAN",1322763.55110185,1424852.59480034,890571.273963891,1113417.03990891,1493715.81325536,1344392.04688195,1752023.38102148,1217336.6679476,1145093.67183553,1041770.12593018,886079.417367785,1003025.52310701,991174.605354821,"0.748899609460684"
"1437","sp|P25205|MCM3_HUMAN",71538.888002683,56903.5580697977,33218.9347848186,38797.5385353324,19885.8116741332,16748.568679077,50141.4349154294,170061.664428297,156678.721294693,87761.2815984854,45999.3946880912,139221.078654738,100784.482317555,"0.101907352897424"
"1438","sp|Q9BZQ8|NIBAN_HUMAN",247621.723358128,289601.22851754,380365.999069607,393024.232669126,267420.984777137,316010.237390514,273179.249621617,234859.472207555,264601.653694748,123498.822698299,129588.010190494,254125.938566202,359546.749468629,"0.655741152732853"
"1439","sp|O95183|VAMP5_HUMAN",93154.4498502307,116428.395927228,188266.48254532,164466.673881613,267045.925067363,257874.599548873,15875.1996405671,14621.2808694085,27949.5384377984,105409.476741873,154567.034501372,41968.4199640557,45224.07025077,"0.319341960357415"
"1440","sp|P12036|NFH_HUMAN;sp|O95678|K2C75_HUMAN;sp|Q86Y46|K2C73_HUMAN;sp|Q8N1N4|K2C78_HUMAN",155680405.005149,188447626.320611,126336429.714507,117778529.854434,151281863.200141,125699987.770987,153319452.925308,106026079.28368,104993184.797041,103776790.654368,88566580.7051408,90016416.682276,76028318.2587195,"0.539636282999129"
"1441","sp|P11310|ACADM_HUMAN",309340.144157738,284797.422358732,175403.369027746,163708.073256641,224488.274170531,170946.419376428,156261.295762526,226112.21759944,208062.901889063,352987.016380489,387374.382336757,535728.69613873,422639.402781755,"0.640654602159755"
"1442","sp|Q6YN16|HSDL2_HUMAN",1004607.43924405,1209477.61828327,515228.917867547,491708.168895973,283759.314255882,296896.565442766,300955.86335269,208365.306315259,236125.018434275,227431.909674497,281925.319113697,394172.694012134,380799.234712631,"0.519282727230738"
"1443","sp|O75964|ATP5L_HUMAN",229865.502534437,379942.257566115,279064.361395516,214561.920663332,150445.548518526,73199.5942574528,403401.284156035,77484.7194174855,115094.814390305,262706.090344382,262008.775550861,156116.170490006,173194.306996398,"0.18210716323625"
"1444","sp|Q13867|BLMH_HUMAN",1895126.50705943,1631102.96734836,1554307.78873274,1499347.76700278,1577555.50173921,1271539.71412111,2010415.53849016,1954536.91281208,2297265.6038998,767512.130003847,1068317.86165001,1603446.64255672,1310407.51266476,"0.896714365967158"
"1445","sp|P05976|MYL1_HUMAN;sp|P08590|MYL3_HUMAN",2054642.5423348,1702477.8705109,4509293.27331295,4782089.4263084,3281072.97251661,3193336.8869859,8960491.35225669,1414028.73471167,1477007.53566667,958407.505587245,954918.820820847,2604001.74706313,2383490.6598178,"0.818920840820417"
"1446","sp|O14617|AP3D1_HUMAN",96458.1736180992,96778.1270942355,119732.1713666,130942.802916105,150466.381443053,129692.434643823,91605.5795422007,96827.0887293066,124873.300837036,108204.471446292,85350.8278541387,131526.6838052,143170.123158858,"0.0610307830650786"
"1447","sp|Q9Y295|DRG1_HUMAN",121590.415205218,201250.998560811,295998.619520117,747141.433667578,169645.022961507,146635.008350135,286548.26555043,219447.402557233,264892.227624669,412761.048972747,307661.047258083,346401.091915372,406632.468147369,"0.373815631893178"
"1448","sp|Q9C0C9|UBE2O_HUMAN",348982.298846048,312166.843436199,94695.2459693355,121459.037700976,248373.544774198,331065.225249683,406645.894207022,316828.336758026,272550.085699691,219668.234439507,222182.462014818,335783.65590358,356017.580025971,"0.957743568566377"
"1449","sp|Q15067|ACOX1_HUMAN",364472.923275046,317432.35468507,161620.208761513,151725.964783495,124335.297793897,148454.528243119,202341.92773151,265651.457990083,264284.23284213,172371.798131449,195345.699130666,176217.851706903,194012.096662722,"0.5166469372208"
"1450","sp|Q32MZ4|LRRF1_HUMAN",205632.684471184,367999.123116614,235323.100291655,200731.927231166,352535.514629879,345875.987754721,125577.935247211,332472.72475335,170910.463251369,193366.093069374,238578.346409511,358982.180031946,285179.076550284,"0.499364700856065"
"1451","sp|Q9Y6D5|BIG2_HUMAN;sp|Q9Y6D6|BIG1_HUMAN",230734.513302477,243347.109231076,338852.605840712,300643.341317487,339236.854614785,268159.524861327,326065.793889367,361479.603356116,432780.257604295,448943.508329023,411534.403239777,289649.080336021,346205.81924059,"0.602177350861302"
"1452","sp|Q9NVP1|DDX18_HUMAN",192755.0279561,156126.655196284,233854.669952559,290807.150552267,142187.865533648,133889.161084129,582905.067695013,233393.052463552,223111.456266647,111332.373879468,162955.833646413,167765.88655421,183360.355009767,"0.74520075640245"
"1453","sp|P53597|SUCA_HUMAN",677264.509730356,679316.666045427,584935.270811385,584746.714391446,651717.828964033,575466.336736699,418116.563800929,454409.771513108,461030.575590661,669027.631975746,542446.210746137,638013.268605566,581932.012081121,"0.729692972045765"
"1454","sp|P30613|KPYR_HUMAN",54936.4371229442,63607.9608711772,31266.0797145494,16228.7509517231,2939.63133522071,311.452851759671,81504.6855100321,1903.51412897795,2873.45636925137,439.442336944961,148.490400812373,2676.322254899,2571.05765820886,"0.519018390693046"
"1455","sp|O43516|WIPF1_HUMAN",201318.760563263,191078.363860772,157236.079465608,167157.430381695,98221.7826688821,94139.0079824309,136676.557874659,302617.292808271,254420.507554314,306463.614683225,319123.443306598,169827.925057366,145137.631796568,"0.789397774666924"
"1456","sp|P84085|ARF5_HUMAN;sp|P84077|ARF1_HUMAN",3093710.51035319,3033408.59541062,4530118.30146042,5367420.8580322,2968348.35035575,2604937.47835079,5327237.64983272,3519422.92870304,3515478.84443837,3215320.60206823,3034195.68804243,3660067.27927559,4054487.23704883,"0.0712579837322192"
"1457","sp|Q15847|ADIRF_HUMAN",2569758.67621559,2491515.34460547,2800091.27528969,2787568.77036806,2649439.2227556,2757715.3381601,2507387.04847939,337347.564621513,357795.182394558,344031.650205846,385146.00726741,676106.922596162,573475.677084357,"0.524539858374652"
"1458","sp|P35268|RL22_HUMAN",636120.211297959,611014.197933724,925869.112851786,901214.098162819,1045995.21884342,1063195.04145369,767819.155055653,1140386.154906,1118088.9543032,1424888.76564797,1552474.11392559,1531698.63711566,1392764.10934993,"0.620759035553141"
"1459","sp|P35321|SPR1A_HUMAN",13637.259189273,9750.31247951515,13787.6856002043,10621.7717359741,9501.30694292415,12799.6695260516,12579.828375515,2040413.04394324,1925571.24761088,8467.15721116301,13409.735160326,207272.261479862,219193.679310503,"0.275535308896257"
"1460","sp|Q9NX46|ARHL2_HUMAN",207671.752794206,208507.601198709,215344.763085607,236737.817441169,197484.5925994,210669.152292614,185768.621031664,209232.559370328,194883.002904336,202819.978904697,260239.682040559,181212.057491908,162406.557484612,"0.398194314684973"
"1461","sp|Q16630|CPSF6_HUMAN",161779.66708801,215113.929781643,162202.54626483,185035.583011042,320972.921333474,305494.410726226,165099.192529389,261479.058075042,299877.522850932,324092.531212213,440245.072921114,302052.731047793,369876.829245557,"0.796409009671042"
"1462","sp|Q9UK76|HN1_HUMAN",156118.715336009,190880.766085389,109032.147938692,61815.7755354777,173969.132930835,171326.7332331,20341.1899587311,1366417.16244644,1242671.73610438,527730.075780978,509147.995098202,560003.211619684,685337.589611033,"0.21849219630901"
"1463","sp|Q92522|H1X_HUMAN",200421.261327698,163123.176113291,504318.884875358,399658.731727591,766025.856451733,722421.726956993,298331.3407297,67349.4977641183,26944.7415809409,318571.399865991,345944.304368099,146326.90734403,152752.279090012,"0.492942963410841"
"1464","sp|P0DME0|SETLP_HUMAN",437814.976481257,363368.241109228,393915.844172681,471101.198100023,399375.908479093,418711.713779511,159038.991512908,510300.355576886,404140.326278164,488959.37059906,612044.533074121,253961.144706065,243221.550768946,"0.362767671156793"
"1465","sp|Q9NSD9|SYFB_HUMAN",492402.189448913,471848.81106756,559876.675066706,596724.817185042,393606.324915404,384218.209556463,460617.731067371,508775.282781158,522768.519553794,574835.625060306,442326.739027937,554407.09870407,565844.808282223,"0.15798940988277"
"1466","sp|Q6IBS0|TWF2_HUMAN",466328.433196898,441498.489645462,604937.668236365,417279.591186389,429259.019343865,440597.028524879,319089.370356797,373340.841693642,621715.496870771,383497.890269623,408227.133760494,608510.007013237,636608.466280223,"0.193560875897635"
"1467","sp|O15173|PGRC2_HUMAN",828054.18341454,716575.375496917,727737.721856733,789487.950384864,1049534.40155443,953469.004887933,657542.02464432,1090802.3783895,1210572.66244031,1787794.19275578,1954263.23569014,989795.199041704,966573.623563373,"0.989618891625049"
"1468","sp|P29992|GNA11_HUMAN;sp|O95837|GNA14_HUMAN;sp|P50148|GNAQ_HUMAN",1131178.14937443,1174321.42238799,1768675.94654041,2007266.7814901,977111.735826737,889711.122905531,2040866.06990678,405812.350762931,353493.50943108,491462.814441892,496279.013552523,341377.114947137,358586.553091065,"0.420915991607325"
"1469","sp|Q96TC7|RMD3_HUMAN",913591.971098274,903741.807821119,696955.538979171,816498.146296351,514808.135394768,557507.376596221,489398.521832217,813206.178305382,762924.594903308,408614.898269024,461844.313733222,531773.826416853,566277.083891868,"0.642877607016662"
"1470","sp|P29466|CASP1_HUMAN;sp|Q5EG05|CAR16_HUMAN",298473.975415808,273259.648243615,218492.668843518,125667.868161181,372996.186027948,355136.395906067,199733.880365858,306593.645735652,349259.176946863,365218.456971119,290306.061155205,234019.635476543,226447.934568768,"0.965087513878489"
"1471","sp|P02462|CO4A1_HUMAN;sp|P29400|CO4A5_HUMAN",2224587.46795992,1863805.80370139,3822704.80408553,3570848.72814064,3254382.04310195,3659008.02545233,2749389.95626709,1608179.89552668,1515532.86849564,2513341.38733304,2852926.06394068,1350743.89994789,1261025.92817848,"0.243847507961389"
"1472","sp|P08185|CBG_HUMAN",173698.093554699,200068.489570075,400094.614517014,318443.780225659,419519.240148619,584957.977577189,343566.70278037,105589.854377486,124772.325749688,260035.557566453,243302.840862991,136628.94831973,147991.333247744,"0.61181250435611"
"1473","sp|P20618|PSB1_HUMAN",2407828.96932455,1941630.64140604,1369649.29774906,1017282.64327127,1715991.93116591,1217733.06247926,1596290.42384313,1110754.65365676,1111964.3670132,1088469.03917335,1157205.33661498,1544841.43365103,1765437.06680236,"0.601991795761312"
"1474","sp|Q6IAA8|LTOR1_HUMAN",1105418.35942062,1013849.42617953,1056068.95432449,612144.645841155,1060351.82126801,1255776.24823282,501940.203211551,1970294.97062729,1976877.46944279,1204745.61886508,1269180.16895122,901264.569821435,904374.254171604,"0.775970461487645"
"1475","sp|Q9NRV9|HEBP1_HUMAN",850043.683341529,808226.148764009,666474.616917573,700980.75481427,689176.692282009,554481.874424236,853053.108807659,273525.249620323,307776.215781334,222794.118327624,232384.022642001,280828.223742825,286126.322104056,"0.536353880799626"
"1476","sp|Q14134|TRI29_HUMAN",31543.3145533488,32065.6137718705,69246.9890456728,55371.8863770819,59595.6079503774,36963.5824779597,84501.2916409969,189760.065508921,223173.075857415,141530.133041204,153464.382851525,160868.999067441,165847.922289354,"0.420883877121392"
"1477","sp|Q66K74|MAP1S_HUMAN",406212.691014683,334957.764981148,235070.29444651,217821.271386108,240771.954689869,210529.808454998,128989.672933426,256156.411636433,280365.8683229,346194.516004363,450623.36649399,273007.851455552,281218.040250227,"0.0558838950215662"
"1478","sp|Q99598|TSNAX_HUMAN",97653.5383311544,82168.0097795539,72055.7824998389,56200.8609738926,520072.733240984,367363.462824419,173729.610669231,639933.82597991,486354.894148039,310025.345785014,294922.689054698,666859.810391757,721944.992099246,"0.114980084698434"
"1479","sp|Q08AF3|SLFN5_HUMAN;sp|Q7Z7L1|SLN11_HUMAN;sp|Q68D06|SLN13_HUMAN",219531.697066401,255674.624371197,197004.438716476,271961.692382319,343143.859509519,369116.894181176,144277.265550878,234214.110695593,218697.092712506,353207.272240973,440434.542793388,181220.622419602,194882.574956336,"0.722309774459281"
"1480","sp|O95793|STAU1_HUMAN",91741.1845595741,102685.688272509,115244.645662126,130042.219109215,126949.170132222,107412.151485474,127619.595494114,200456.494517604,185963.499432523,170263.876781783,168484.060524685,112739.710424408,115087.388719413,"0.690415292143992"
"1481","sp|P43246|MSH2_HUMAN",52741.6958257119,106797.228917158,123984.824512202,98150.6998294166,78358.2226910161,66108.9102797316,47673.4853983014,302082.191843503,293311.356877751,154638.488118229,156991.608398576,142723.074373582,137703.037367393,"0.369340204326119"
"1482","sp|Q92520|FAM3C_HUMAN",24602.5165989598,30817.2511615922,15983.3497208014,14585.3684615297,56687.9492492698,83292.4757472701,15245.7452688052,156113.937561495,164049.594883966,134390.304199973,140668.587817518,114129.931554585,150168.521984975,"0.497889198318582"
"1483","sp|Q92890|UFD1_HUMAN",265888.771884392,353915.50413437,235422.427765839,189482.114704968,529862.415582734,605241.59253721,235578.450004892,694034.944041397,574062.418327337,1005171.88901322,940969.038929954,169808.061658673,225739.861966383,"0.963386581470664"
"1484","sp|P43487|RANG_HUMAN",1068232.57228777,1047682.57575863,1457990.78961708,1992234.97382262,1231771.0926459,1366870.98355128,382329.296840405,1181924.83855179,1270164.76371172,947498.284394496,1067813.24610282,533134.718854946,487587.411158762,"0.246387557224852"
"1485","sp|O15144|ARPC2_HUMAN",911794.835619232,878866.29341136,640620.112452311,832367.527285361,801238.292318146,825178.958459394,874266.489692052,1209074.8873595,1222789.58757821,769458.094267195,769991.975161743,1021113.76245965,1030652.13087742,"0.33754231137761"
"1486","sp|Q12797|ASPH_HUMAN",400623.845847445,278728.515088509,404517.981839322,476237.648602517,301310.806479349,395431.63462132,183258.732789317,399936.422106108,342362.317246399,352022.555101653,401274.32702348,496231.658333839,542434.890392872,"0.549773491458795"
"1487","sp|Q8TAQ2|SMRC2_HUMAN",304879.574802905,389012.259174376,266170.085778517,309827.480356618,533110.34611396,471506.913006334,211973.928662526,337935.844897829,368099.585821651,640118.88199575,643259.787087842,428597.396417514,444914.690922363,"0.88647414809465"
"1488","sp|Q01844|EWS_HUMAN",92259.1313569977,85584.2292792337,123898.65075857,81371.3531042603,190904.744082392,133422.885130351,132531.211324117,279979.950726445,185198.085474506,216144.977112682,306079.101421848,176856.987679335,221385.396392439,"0.871594661579278"
"1489","sp|P16422|EPCAM_HUMAN",96809.1602587261,121881.394654984,147373.436309329,137048.353063368,68255.2903140998,71051.5392690328,23506.6618184852,219403.800770466,222757.361129237,48741.8402525617,54305.4774784549,81531.9001826054,65564.3787163944,"0.646384334406395"
"1490","sp|Q9Y5Z4|HEBP2_HUMAN",274155.761024983,240306.183707951,222259.486870552,291945.601148063,269859.770345105,257318.962295351,334742.428777232,238025.154828561,237633.555801146,402204.147735773,352629.617845892,248373.575087334,228386.232859837,"0.736880107021955"
"1491","sp|P42166|LAP2A_HUMAN",125669.04329113,95282.1588229293,47009.7359669773,50371.3893249486,89934.7135350689,86789.7453716084,529066.214387195,139490.410312883,200547.680941162,121196.434885432,125323.432081682,124684.463355459,124206.564471061,"0.422864678233721"
"1492","sp|Q07812|BAX_HUMAN",219094.519277781,188739.988984316,226416.199954114,238257.323310022,289860.512504726,364209.663388665,166854.948765917,628340.719624388,739866.053910046,528116.394829464,544635.594159105,347380.196180334,358408.110426547,"0.588312872193971"
"1493","sp|P48960|CD97_HUMAN",86132.2663926336,81344.614448817,16370.7529796494,11510.271400688,121510.608027074,135596.196673603,63283.6871815707,183903.043685566,159303.829022551,148776.726320412,158916.174227648,163168.003100457,177424.972791987,"0.476153669284019"
"1494","sp|Q8IWE2|NXP20_HUMAN",81337.7795892498,92426.7029926786,307867.174097121,300278.901888656,262377.621023391,221955.84149714,236809.13864689,208591.313560629,179739.492773093,225422.383337603,318533.034540334,135994.436907117,116894.188697987,"0.975523449007193"
"1495","sp|Q9P2R3|ANFY1_HUMAN",144485.532394444,199663.148487175,244248.96631313,249824.022372613,315511.969109154,279175.244468075,201846.850629392,218498.218054875,226219.508587078,229676.00563165,255739.066452855,147258.455667353,165694.224108078,"0.946180106204606"
"1496","sp|Q14694|UBP10_HUMAN",71322.483252126,66172.3302077593,106554.940668569,151166.644780911,142000.305371962,149987.596227955,168709.579419092,171432.713467413,172105.247499988,221300.491409982,215714.852207572,167227.347420594,172029.821460608,"0.637242133352975"
"1497","sp|P42331|RHG25_HUMAN",236532.621453646,171874.343724876,152850.304249831,160750.702753421,284282.355463728,216030.518482349,218581.453107099,316473.225501069,200248.935482607,220840.940107154,256053.546300002,199659.672743689,240513.504103125,"0.202849178239423"
"1498","sp|P29034|S10A2_HUMAN",692255.430279601,843852.677261296,598830.315506344,571828.952261455,206196.344667617,192144.154501267,3150698.14762799,11671087.7971182,11739395.465496,1045514.72029869,1014654.9459827,1622035.54582954,1493572.22467006,"0.293800169165789"
"1499","sp|A6NI72|NCF1B_HUMAN",109820.433052897,118028.473662351,25250.5246154117,13883.8339699746,45769.1712117859,44807.3904591537,22501.1394554922,18551.1668812544,25431.1141279362,53680.9382576699,48643.9119731341,46110.6984913516,41572.0929792271,"0.443731771897325"
"1500","sp|P51610|HCFC1_HUMAN",74719.9317651857,38188.6641194155,110938.907721902,109648.367640767,85263.9426991214,87877.3190870356,354065.683345292,182227.302570967,120096.711787406,200003.665420655,221339.874817242,183852.522410559,194546.889590314,"0.709959746273718"
"1501","sp|Q6FI81|CPIN1_HUMAN",41274.5125320919,58335.4630282408,46438.2024005013,56143.2641582396,90659.9594327196,103853.485351922,32732.8489163192,198635.564002329,183159.970916042,185068.550674558,146415.347472299,202555.179899373,186532.650327563,"0.339822027609333"
"1502","sp|Q15785|TOM34_HUMAN",73366.343588086,112589.309349351,51467.242569475,53893.2177112287,24321.7660293678,35888.5512447966,39953.2714734372,140629.531741867,150876.501689752,107565.35853534,93167.4511192021,254465.936483537,248960.870425994,"0.0620870614526681"
"1503","sp|Q9BXP5|SRRT_HUMAN",212769.576861927,253923.745408982,335868.369444664,227780.750720646,265600.370486778,267627.301685606,369946.619124501,156197.645972997,181346.629405151,215640.030641837,264414.623666833,474080.230691365,499378.885194369,"0.27282607021194"
"1504","sp|Q9H0D6|XRN2_HUMAN",215420.314935278,166227.507755128,172879.897549152,228671.214464055,393328.240611561,353687.065521365,142371.264565728,512388.418223581,629433.526705344,480961.402741362,482578.579206877,396939.566633557,424815.737334162,"0.491824963295782"
"1505","sp|Q8N684|CPSF7_HUMAN",92470.3744517736,126335.955179852,111991.257851118,108795.474930878,110720.160861153,95555.089610672,222532.488050561,141042.938520746,112622.61757938,130626.846324229,126112.574784563,132096.095949857,104729.309580233,"0.604579352762162"
"1506","sp|O95425|SVIL_HUMAN",126845.005973946,127336.619979569,121915.833666748,114947.451333519,123430.872890977,144173.888320899,104610.408962813,501237.583712783,593443.009614771,273788.575277752,245150.710225414,101417.084595151,127540.121987502,"0.474664652247682"
"1507","sp|Q5JPE7|NOMO2_HUMAN;sp|P69849|NOMO3_HUMAN;sp|Q15155|NOMO1_HUMAN",1145536.72267579,1132681.71709112,1021424.09613407,985996.021427585,1062557.01362041,1058960.11459069,496487.737907224,873247.558360971,1023283.36652707,1419391.51533033,1329762.76876971,1284533.74006463,1353057.16304166,"0.732647824431879"
"1508","sp|P0CW22|RS17L_HUMAN",58856.7887349802,31824.8146628593,119815.969980578,66346.2125633566,154654.171930579,129980.811333033,137615.228659586,291669.24040689,290796.814496618,394873.499320726,110226.250407575,201834.3457661,197291.673873125,"0.0370859061020807"
"1509","sp|Q8NDH3|PEPL1_HUMAN",272494.103474859,184034.322010933,115517.461439371,150134.32925651,152829.26617718,148054.435984387,143007.670446042,87708.0556467611,187820.762899488,129851.039748876,123933.937128525,624334.309437154,541404.561826513,"0.394195593834352"
"1510","sp|P37235|HPCL1_HUMAN",500732.445012916,574590.46059805,922840.661808337,915211.008113692,998935.779143462,967355.543797027,461762.331178274,292761.727867621,254643.750594902,264893.500391657,246106.696319131,267380.125043105,284161.182815524,"0.546221812792993"
"1511","sp|Q9NQT8|KI13B_HUMAN;sp|Q9H1H9|KI13A_HUMAN",65059.1637324908,115488.016838237,151892.319779544,120990.532519627,126847.281797356,141090.271411052,33399.9180493362,45379.9829451269,34022.5359127582,135218.67735198,129016.55774164,71063.6917741547,70009.4290037498,"0.831109273288197"
"1512","sp|Q96P48|ARAP1_HUMAN",130227.166174104,87391.4897511946,67316.9747448769,52145.9980616757,83719.0775055945,59962.3017363045,22434.1859165737,119878.959411683,124981.755159372,59037.0750228001,47990.915019462,104715.312569903,91817.365803393,"0.948322813124847"
"1513","sp|Q6XQN6|PNCB_HUMAN",193678.123535901,185727.979732647,295694.669437462,201292.181101074,85831.7882495549,123865.607291559,718528.353596736,432129.416281363,383240.715170425,185350.390795921,168854.77979982,316132.1251557,307920.079355578,"0.0920738248092491"
"1514","sp|Q8IXI1|MIRO2_HUMAN;sp|Q8IXI2|MIRO1_HUMAN",581779.278451477,593803.587092659,522107.216717257,524682.572040479,358589.861591672,419466.527966624,787647.071424227,640300.185781972,655166.352167428,215678.823443952,230897.593846194,387536.429377175,441581.441053845,"0.929356128518965"
"1515","sp|Q68CZ2|TENS3_HUMAN",69009.7067986939,62700.9412283915,59962.1168405548,63902.5100915621,113119.294040812,113630.728054392,62360.3774566845,53162.8283798635,49860.3137512889,52949.0280021458,43619.1277136102,60722.2210794076,64379.3908107559,"0.901135640880347"
"1516","sp|Q86Y82|STX12_HUMAN",489794.093939203,484061.559162923,807751.025256637,648793.164285322,982797.679379882,860604.506879892,310181.376870098,598531.030206588,502193.168653937,574593.970512068,572711.878610029,471710.966964189,451074.972375002,"0.765549348881232"
"1517","sp|Q9NQ48|LZTL1_HUMAN",190702.813011582,167004.888378307,191017.230157971,156667.76305744,177752.206109562,195559.603273518,163882.323278187,131649.899940167,111152.334851413,137925.197672411,132512.524371703,124538.384512938,113148.661201803,"0.412971853214718"
"1518","sp|Q53H82|LACB2_HUMAN",42895.3677787031,47646.1194296732,15534.0448917076,17519.457587503,36159.782862978,39586.3461511418,23464.0879452205,90245.2311216354,146762.249001599,30587.8473400192,19835.0449284924,31867.5222339365,49803.454986995,"0.390188677732136"
"1519","sp|Q16706|MA2A1_HUMAN",74133.0024831736,61032.8160450926,141386.615182542,169574.017968038,85001.5035924086,106445.926908069,87503.0352949614,114233.223318067,107256.184010007,92281.0133550071,125131.035566208,114592.302759814,116828.370782796,"0.728741623054194"
"1520","sp|P01116|RASK_HUMAN;sp|RASH_HUMAN|",376432.605179885,807844.249345659,1330374.58974876,746649.902889477,1221983.50001095,610486.661491072,1076331.24485352,359393.748599784,377603.49954784,605215.157918939,692037.792564669,756377.293417171,464804.575905473,"0.827240491419167"
"1521","sp|O95352|ATG7_HUMAN",158742.155569873,116777.784401757,114806.767852279,100659.821682576,147522.011585706,120288.882194294,61329.082950239,279772.306787053,167921.827864515,167923.46376913,148426.391815324,146130.613179345,178415.203556456,"0.369701054385505"
"1522","sp|P46108|CRK_HUMAN",97439.081548018,95862.6630590847,218793.011023712,265035.851725932,175773.973868155,212388.021848514,28560.6377221233,322030.78241684,247345.44507076,242360.19729146,253685.74366872,424204.946750502,456585.742504234,"0.256546159184354"
"1523","sp|O15061|SYNEM_HUMAN",51073.9620562984,64186.0044558413,64100.4599127552,55623.3265141074,88255.3513220894,125914.770947279,68555.9363585382,12610.5334013594,12182.9874963376,37102.342545008,79091.0791905615,21043.3110497236,17450.5394003488,"0.196245769999372"
"1524","sp|P04798|CP1A1_HUMAN",382655.352305877,707440.433616461,4196.19436152482,3094.44829857285,18596.8987924778,7762.85099441693,35507.4262219288,17616.7281818973,14295.2671489458,9052.25032706346,5030.86769275865,15106.6493431749,10746.5646316587,"0.509947238043388"
"1525","sp|P30419|NMT1_HUMAN;sp|O60551|NMT2_HUMAN",65617.9128465094,128810.076378779,67910.0100772093,153671.114246069,295902.076048223,242003.061328441,49198.6422976192,229757.868363702,255813.238099729,85037.2103569619,141076.706216685,177023.311213968,266459.47552937,"0.212098128838884"
"1526","sp|Q9UKK9|NUDT5_HUMAN",1193631.17446066,1251033.06322346,806645.102452536,875618.494513445,865384.145872776,935676.738349129,1801610.38974026,822444.123581001,575194.225844935,544012.377064136,941870.572185301,586658.196259457,687812.233341291,"0.128734141771426"
"1527","sp|P21695|GPDA_HUMAN",1119421.39609258,1625091.17353744,336854.946287066,484081.459202772,300561.060322585,362996.353978814,313166.813029645,197017.281625534,210157.049739489,201569.077857695,159315.796285654,163895.141741718,174503.723914763,"0.515281712536676"
"1528","sp|Q9BXN1|ASPN_HUMAN",680544.158701005,690064.108033632,1552178.51454633,1727078.34467448,2278632.74911297,2010985.86001052,753968.480256194,247596.781271363,200067.208566068,1363978.40962829,1645466.92349806,433594.368326392,278167.830739051,"0.578258983457006"
"1529","sp|P04216|THY1_HUMAN",141982.243419038,100433.864720019,116797.75298585,192326.372613134,118943.180128443,159266.735052322,197871.188367213,473840.37545688,398918.543803609,305449.436711369,303150.324908175,194655.321772641,194702.96205594,"0.608430715254836"
"1530","sp|O95817|BAG3_HUMAN",221321.408944954,199338.688312049,441747.754602935,355860.552144911,381035.711791743,351505.449824468,481968.606695687,654027.917986198,689482.964318202,319125.114596471,352957.779563654,368263.906638681,446939.412136702,"0.205108074826245"
"1531","sp|P40306|PSB10_HUMAN",58214.8481334788,49974.2773265839,97170.3275514536,102799.533444727,123764.460493337,97905.1399620966,101257.894343906,352007.347842448,346063.238468998,81510.6493565432,71406.6157050507,313880.627286589,321006.510457025,"0.0578885620965293"
"1532","sp|Q6WCQ1|MPRIP_HUMAN",168767.396980587,170209.23758101,328510.482140519,349831.294423768,355474.075566243,341755.309414205,355762.744020001,105852.130432284,129884.403573618,199880.279918926,163982.114333718,83304.1123587352,102012.264162647,"0.22028878800109"
"1533","sp|Q9BVG4|PBDC1_HUMAN",248113.363385373,228941.436238073,129910.977998869,151383.94696981,296246.601329293,212775.315982633,142193.440540775,344218.617812368,357489.24283605,247334.064326586,251384.636144883,177171.410723515,184784.250968127,"0.859336123349944"
"1534","sp|Q06033|ITIH3_HUMAN",417939.10297055,449960.929463348,984335.7830835,1123111.03706325,149276.113998072,159054.373172045,411469.66090653,85898.0735159384,88926.592028812,230747.048441869,211263.204643892,83649.9902961959,119456.868819149,"0.334655168280781"
"1535","sp|P53007|TXTP_HUMAN",926342.44692673,823870.785589378,672155.516522355,686470.268333339,426158.927097215,454129.520357402,571441.835347555,695840.737566753,866773.465923677,613323.381784736,665432.459855729,556828.182329626,616269.788935476,"0.485066795118176"
"1536","sp|Q92743|HTRA1_HUMAN",45483.5055052921,41691.1352977767,89685.568357999,101700.430705379,39618.7551434487,34744.8611561647,88263.6340555951,24798.3712516338,29266.9341409826,47494.8621066155,24032.6477174746,123856.401733811,54812.1159556876,"0.358913546501326"
"1537","sp|P35914|HMGCL_HUMAN",543188.164171819,410505.135031188,299321.686083327,206090.016213549,359076.105099968,387567.734282706,225409.81469987,246090.092411493,185016.498025292,157803.43774142,190366.129855617,144171.425888831,275124.703799253,"0.498555482943817"
"1538","sp|Q9NSE4|SYIM_HUMAN",258019.458395772,351781.673836442,199993.717192046,179779.964675855,250401.782025232,237214.41011041,216587.02156217,244204.899982709,249418.689026109,202998.227217535,246858.531884459,414429.189022792,345579.537902988,"0.366069029595272"
"1539","sp|P08572|CO4A2_HUMAN",205998.154557019,110033.467294974,267528.773941001,373187.231679291,314580.308730694,292869.740899915,400987.67100746,113351.767371057,40424.7757371643,278005.023255216,272867.141293,154658.607541096,205635.253538591,"0.420688062279958"
"1540","sp|Q9BVK6|TMED9_HUMAN",167678.943692487,151931.530803277,118591.645487238,127288.096384225,125221.233531769,135324.087723278,188573.562468964,275578.165361452,279720.21041818,260755.274602552,238599.910705809,349907.546066723,307334.060347814,"0.199428012686743"
"1541","sp|Q96JB5|CK5P3_HUMAN",233927.127899882,239230.764351448,254537.36570517,257263.587878361,127380.486322482,127957.062348981,173329.043778564,283887.318648343,306376.578089781,382574.465187674,297567.237346813,348419.981049192,292414.026551256,"0.266725954656206"
"1542","sp|P47897|SYQ_HUMAN",88237.3356065119,108352.156173672,140152.029348857,130954.190935764,191861.702519999,167043.9599464,142811.833914116,186967.787259943,172130.220997046,181233.960121908,152655.062489317,190461.163559943,166381.720379733,"0.344238468698177"
"1543","sp|P26196|DDX6_HUMAN",25151.8321476369,23290.0632879652,15403.2481063194,36294.0363509199,49219.8718538223,25450.6181328843,38183.2875333995,186038.084597604,211572.671940718,122306.449858652,166647.713586721,141849.913653883,139328.805650446,"0.54697602274108"
"1544","sp|Q08209|PP2BA_HUMAN",156326.820921164,152824.488796006,170273.394518187,167326.621432114,262171.57926075,187808.301939653,191105.218542495,331011.811297064,375518.597050045,219449.812574355,170824.891826072,170291.401717933,139303.240394825,"0.291220481364666"
"1545","sp|Q14554|PDIA5_HUMAN",153727.76350932,158953.628672686,195475.627247595,186551.237264943,242064.164023494,187725.724511124,153832.718635347,216736.081795049,210595.34221866,444488.340956885,468523.619853843,315932.075895734,279844.333919326,"0.870811519864979"
"1546","sp|P62906|RL10A_HUMAN",919718.744132705,760912.150678242,1047109.24018766,913219.286540866,990865.79781924,1101509.09595043,441727.201632644,689617.60432181,573546.102353686,1619959.37581308,1677177.24680922,1788425.44271469,1519260.05861454,"0.787545066936586"
"1547","sp|Q9UQ35|SRRM2_HUMAN",153605.982839564,175446.703484722,122922.536257033,139315.111059111,155671.142269644,133538.208976944,143443.938169999,80127.2503525824,135868.193514711,242881.026627153,230803.535786727,169627.003041217,167088.476891914,"0.953554411128061"
"1548","sp|Q9HCC0|MCCB_HUMAN",599784.411310951,650642.022679032,477982.395996354,449603.943479087,449481.209710221,438320.709573367,106646.126064754,389505.447879833,463495.552094672,302602.891318595,399381.026600432,701539.739769354,816904.740412148,"0.805876673276028"
"1549","sp|Q15643|TRIPB_HUMAN",44698.0121331592,55166.2677812108,44507.4442514939,27839.1579442461,29453.5738399921,41245.524180678,12743.3238318955,80762.7542665333,95985.5298739911,63700.4634080285,101835.032517984,44988.8724722349,36990.0129524209,"0.902067940436544"
"1550","sp|P06681|CO2_HUMAN",550427.722164237,608709.077691344,907855.15138675,658740.855032246,528441.40134087,605172.502324557,831442.240065387,179535.365348654,189163.208819159,650258.041177392,468891.99483297,239315.093560439,160448.658893022,"0.163603665121015"
"1551","sp|Q13188|STK3_HUMAN",19131.7545217877,28910.4619673311,45618.4154888792,43354.0090633525,47565.8118047704,47930.8500423901,16926.950791602,45517.1774698422,37713.8219769258,19085.9114848494,18653.58498134,72223.057742579,65901.6662525098,"0.103493602571558"
"1552","sp|P49023|PAXI_HUMAN",143807.891960492,128054.482999123,184080.993569355,227879.697839424,336942.94079491,303226.335533444,92379.7921362129,180923.159933036,186653.674860956,135526.139617033,103990.199591686,141976.793338254,147207.180974639,"0.507368045140767"
"1553","sp|Q9UMS6|SYNP2_HUMAN",746619.82926525,810618.158817539,1185945.31232936,1012346.25192388,997118.419026835,940101.655342469,569702.661486948,60265.4479524639,69193.147756015,493568.251548152,501471.744786324,168605.08831201,192960.206732071,"0.144046909891518"
"1554","sp|P01743|HV102_HUMAN",480390.774814666,422821.759796542,1319625.11351388,1755111.99639811,540419.047653022,576061.312587018,642505.80296054,347923.590332371,333217.796597191,969015.886511953,1203069.31594755,1107824.93888832,1051474.48190938,"0.84604968209877"
"1555","sp|Q14192|FHL2_HUMAN",5908.6251042142,1913.25415987401,6620.36277915654,4927.32313538645,1472.97251818986,3390.24392528794,1745.2661922324,29160.4948411563,23791.3140416834,122559.030978696,151171.960289357,56706.9260039151,78735.3210690698,"0.930587287589965"
"1556","sp|P48594|SPB4_HUMAN",14937.5670298336,11043.7199184277,7914.9146705657,6578.48741784651,2475.9784086851,3195.49777976318,46160.1641684306,5154.14501977155,9361.10000383748,3303.97891139234,4374.10053077465,48750.0143907494,42340.999640467,"0.333980910242438"
"1557","sp|Q13557|KCC2D_HUMAN;sp|Q13554|KCC2B_HUMAN;sp|Q13555|KCC2G_HUMAN;sp|Q9UQM7|KCC2A_HUMAN",1542190.45994929,1577398.74794359,2325335.75521987,2305294.38533454,2610103.88895859,2725155.59930822,1753615.56093871,2073758.49080642,1955131.62822918,2297972.91901866,2132195.72890612,1315346.9385558,1301767.26443252,"0.92783799686509"
"1558","sp|Q9NQ88|TIGAR_HUMAN",63277.5768011923,174229.083311857,130809.272510463,155392.585951719,127065.482285052,127632.415321112,68711.1969997643,147211.372418242,94003.4748144492,194915.788338509,127152.769369386,242058.396793858,298003.31052453,"0.125274125734265"
"1559","sp|P16989|YBOX3_HUMAN;sp|Q9Y2T7|YBOX2_HUMAN",712558.630541536,602447.59565621,361458.233222674,530674.697925601,570519.178401829,875605.837145999,354152.810484687,1344303.78883763,1321873.03421007,851437.773768904,807279.207156078,590343.710126402,618268.473918769,"0.60181563160265"
"1560","sp|Q96EP5|DAZP1_HUMAN",1023425.22224776,787486.996439007,605932.659528272,1105321.0905741,692657.053679819,639727.398421632,1925898.17753526,743929.859512143,640691.135396813,718296.420304114,841275.18847182,757649.082299094,711341.005100128,"0.244762065728495"
"1561","sp|Q9Y3B3|TMED7_HUMAN",341663.036280159,290637.8852819,353186.0642484,409537.93584692,310607.034513221,215053.697199569,164855.265585487,783058.110929468,591156.823773013,535938.586683401,1034996.23075193,776077.330451649,598871.496595583,"0.965308445145059"
"1562","sp|Q6P4A8|PLBL1_HUMAN",825619.857587954,784553.176276679,115424.775877642,102300.263347201,199893.121794727,137659.398366473,75855.2086498943,713801.194251212,656570.44446353,135135.920982676,105971.799668042,271418.660053233,264319.586551842,"0.706247065282458"
"1563","sp|P16219|ACADS_HUMAN",212520.530470029,292644.547054371,161558.632976718,191832.601019127,267870.769658965,170855.122395076,227598.960469217,189314.590772503,134011.628707121,149633.180693644,165790.167669044,141823.020913517,96451.6720762363,"0.22429575621791"
"1564","sp|P08559|ODPA_HUMAN;sp|P29803|ODPAT_HUMAN",283461.024126897,237914.251609374,211248.953765692,286464.979102541,198986.937887157,297083.452060053,146353.151574914,153181.384837046,265345.273051724,191384.050199391,226930.530173701,80572.235365885,68055.9906067808,"0.134029458858675"
"1565","sp|Q9UGM3|DMBT1_HUMAN",247033.629246544,194795.739220877,227147.036252155,168698.544755382,1609653.75627734,1240357.19245478,199507.537500158,631059.6136075,727778.881747398,1219444.05931113,1932481.7039848,186302.812870154,211479.977122093,"0.830207193154579"
"1566","sp|P19652|A1AG2_HUMAN",643614.313686226,612662.459842421,1658289.47630117,1778296.87840646,722395.387599799,686315.491596234,2257118.15794787,136256.67325017,126339.965268374,262309.20854822,249987.651615827,410780.187493864,378822.324706527,"0.559912870873408"
"1567","sp|Q6NY19|KANK3_HUMAN",200907.947709114,176551.40068809,368717.41675564,312566.373501262,414761.576126856,420982.141820737,67439.3347717961,25468.9023356524,17374.0346379983,40709.15444897,56947.6790630951,62342.9373191072,79762.7706964444,"0.474016982156409"
"1568","sp|P28074|PSB5_HUMAN",181431.893007012,180991.984893071,309063.357704849,345577.527326882,87316.5424116613,89725.9428677661,556621.487225679,135983.681246387,204810.54247117,81373.0524794925,80265.8279305247,161133.973272527,131489.164887044,"0.988262053965166"
"1569","sp|Q3KQV9|UAP1L_HUMAN;sp|Q16222|UAP1_HUMAN",266636.924290958,310825.248721783,203163.271842343,210245.685436846,257476.306703299,231761.439956383,103239.843133839,141466.318572912,137890.13515447,269215.569273345,252914.101020669,158171.133568458,174315.349817752,"0.0801553523331136"
"1570","sp|Q8IUD2|RB6I2_HUMAN",77985.4542566377,22543.9103209447,132418.5938418,135088.389632002,99955.8813326137,76932.1955198728,152106.432448005,86385.8358088843,65517.7213588387,119880.575448166,171585.439361492,136383.251667688,92128.3935852075,"0.898407009641352"
"1571","sp|Q9Y6M1|IF2B2_HUMAN",32317.9730533416,29354.3026969273,163569.12727729,197648.817034718,54737.7687801659,55621.9772994223,7920.39522253603,472234.652567797,574466.232202026,81538.3704117683,86378.4228607325,307162.046534807,308204.493491278,"0.079848739529196"
"1572","sp|P19525|E2AK2_HUMAN",20987.2053294795,26631.7259517351,93952.1710402265,78337.0891869149,37081.0916185821,33078.8965155466,83698.0221174057,144971.91324255,110703.727329202,18858.5894886332,16628.97887626,128817.711758281,116648.98396661,"0.0749831217361649"
"1573","sp|O60264|SMCA5_HUMAN",356529.090286209,309100.304491312,265199.064275255,254431.763996247,214249.014203105,169943.952742862,1317607.04823508,352160.997795488,279126.002315539,231062.802126572,219338.154079854,169833.250939118,192361.085644177,"0.489004075577713"
"1574","sp|Q9NQW7|XPP1_HUMAN",80027.657799864,150070.734678991,140378.757168032,141147.763731448,149192.975234768,122390.072191125,99991.8451557897,341934.991952822,334070.709395264,100561.340131541,90550.8198902221,302121.267061927,276764.977084983,"0.0591807818008475"
"1575","sp|P10301|RRAS_HUMAN",1541535.9913008,1118204.83462079,2297562.13330334,1695494.45647388,889523.766269623,1498286.9465068,2360249.98037373,195631.496112068,122120.952447225,607777.670559724,233892.789770946,331943.235942458,446231.049026111,"0.559872725950473"
"1576","sp|O94911|ABCA8_HUMAN",30515.5437079153,35363.4450361851,133071.836462034,95921.8073588767,214222.998765363,251369.127684742,61971.5739725664,40864.1527977887,40511.6137319273,18912.7956002105,21270.2061698512,44876.7018196666,27010.635881689,"0.545460585132278"
"1577","sp|Q96PZ0|PUS7_HUMAN",8294.32537557527,10558.3361590648,12229.8094338426,11805.417412947,30975.1724074026,13882.9498503731,1992.60091498916,81276.4064349106,60115.94547963,45607.8998089676,52480.8212063789,60907.0618709635,64939.8355128612,"0.439953369093008"
"1578","sp|P00918|CAH2_HUMAN",17922870.156055,14235252.3479598,10373554.6287645,10712187.108074,2591724.87122719,2756423.52724203,52625250.5583152,464285.346205024,457452.607587844,684457.583171262,640586.914063252,1199125.33495933,991453.921391632,"0.505700790806428"
"1579","sp|P0C0S5|H2AZ_HUMAN",276038365.177197,252167327.306716,325076193.417446,408218267.788152,323743187.248302,369243714.077276,398676140.593297,104382264.100987,122354262.598127,570772348.599024,477908777.072294,410447989.499035,420823410.712737,"0.867462079004834"
"1581","sp|P46779|RL28_HUMAN",539458.134667615,501542.452571137,496893.782157748,563080.511836748,376371.727752657,443160.210953795,705538.89170611,505170.323757645,520531.457047017,673360.359771602,595149.591605918,472127.014579393,447742.330933104,"0.632471900671942"
"1582","sp|O75489|NDUS3_HUMAN",634645.495432285,722648.609741559,651397.380189775,740877.850193975,873502.3131935,856237.855464399,464747.618574666,1447631.41152799,1050433.11106289,1359533.91258577,1435015.12929999,1316702.01277609,1035208.43796458,"0.699122914776994"
"1583","sp|Q13404|UB2V1_HUMAN",697170.2101676,777589.433722876,727850.623773945,842955.099864658,630267.025335413,630424.447796848,1430941.09880485,1192424.65296343,881679.887389443,664353.61673473,845019.245703203,849202.645511445,863836.675811248,"0.625222289769067"
"1584","sp|P04233|HG2A_HUMAN",2498004.99407426,2500306.40197003,2480136.61592621,2038349.46988495,1882394.74235318,2004175.06248328,1734417.99733922,1286481.27719999,1023593.34857121,2014771.37934264,1967831.39032305,1586087.29837464,1757870.27640083,"0.219591512849591"
"1585","sp|P30711|GSTT1_HUMAN",382680.916336617,388909.107553239,23392.8792200801,25148.6761599389,730339.31885851,784603.6889449,1119543.03183722,138391.914461088,116618.801132296,321888.827949364,340684.88714658,6187.51611453154,5713.73578716026,"0.0492864056100311"
"1586","sp|P31689|DNJA1_HUMAN",544451.729788418,446656.143098769,366352.558965291,349747.545573484,632951.892335901,656056.747094478,634790.883591512,664614.964738138,632200.662599852,541388.290972556,494764.626567119,761800.535984778,729396.088741666,"0.107471541177406"
"1587","sp|P32969|RL9_HUMAN",234464.21483124,178724.668464696,97104.3778369236,81876.2662448081,160725.84732211,189701.846260826,72163.4111126774,478650.731825248,318855.777608727,355439.394518501,341394.920513471,455611.465209191,453235.141906425,"0.277816977558342"
"1588","sp|P46109|CRKL_HUMAN",463592.36486203,449090.373961747,541702.916192795,332431.317031528,395395.42063811,304055.627847139,439330.360219768,741418.949984738,426013.587882215,566206.876616657,644628.268962055,619894.678068397,580000.145852468,"0.90977686341437"
"1589","sp|P62328|TYB4_HUMAN",1019682.43414566,548134.005906144,546092.627490227,903204.532638566,1157063.740586,1246301.58612178,198137.636480734,537301.15097965,677503.872305328,787877.989105927,810265.176635362,406596.598014601,408304.607435559,"0.13236770414388"
"1590","sp|O94905|ERLN2_HUMAN",221177.049514342,223505.941840915,174794.475163617,198896.903717845,213934.861781711,173211.153895629,171096.475548092,320111.456330169,302742.39566109,101500.4067973,137844.646250081,183541.266197659,221071.815726418,"0.869674094482294"
"1591","sp|Q9BWF3|RBM4_HUMAN",157372.522276867,141927.834926298,125573.978870085,134445.199024256,207806.901670412,125073.939276503,107007.880625715,234059.30834592,262311.467033946,250751.622484191,336229.60300402,191865.167143984,217916.781104379,"0.96468740253767"
"1592","sp|P35613|BASI_HUMAN",260853.208073701,553528.469018656,399888.971760344,348078.172497473,452898.938097011,402847.294204715,499311.393567067,983911.459993351,1116337.4067379,755116.438340941,741449.823831894,636571.412446545,634281.996673697,"0.443398560176323"
"1593","sp|P35625|TIMP3_HUMAN",441788.76670055,523110.975101222,1647406.98036557,1769734.45488202,804142.593963769,807499.438917434,1425988.83081171,152333.8759749,162105.37316784,479313.624654634,691600.068374436,246549.969381628,267452.91648954,"0.321566109368466"
"1594","sp|Q9NR31|SAR1A_HUMAN",787537.537092167,671796.220868542,880279.726799965,1015534.33408716,869101.674066326,882513.105092916,414394.771670632,805037.763378606,829352.61592928,1224984.62000754,1268168.39748669,518162.460239845,731549.704898822,"0.728990529579838"
"1595","sp|P02008|HBAZ_HUMAN",206082.626744775,227381.89059119,276276.055070526,305708.748536494,204102.949410412,187546.932776643,44866.9086598173,13369.2937256146,16651.4536087118,22177.5174233695,22219.052236287,15040.1481367047,16694.6204299658,"0.487536925187532"
"1596","sp|Q93050|VPP1_HUMAN",467490.40649085,382756.832951165,249280.882918801,259042.269106362,168662.184533853,202321.4336831,191110.171193673,459523.018582091,428686.487102372,172249.171843425,212835.175603208,259706.165532388,324327.602663847,"0.718556606200072"
"1597","sp|P61221|ABCE1_HUMAN",90572.6779608142,79452.6912641567,72703.203463511,79360.7216668535,65795.777093611,75886.5240524939,80674.6675739678,225036.956664298,186228.785051176,139664.232312404,157965.438816821,174145.099973809,135046.650943455,"0.486734831161051"
"1598","sp|Q96C23|GALM_HUMAN",104051.039916949,125239.172763232,136135.050887636,115965.366142088,177916.410368663,175996.830114853,94385.2766923708,163734.33910867,159203.655024936,132149.789666346,164724.24317718,119592.395752823,173788.062952609,"0.699988951712152"
"1599","sp|P32455|GBP1_HUMAN",47521.229469147,62799.8719345193,106338.433437006,117436.490057439,235872.772536356,204585.77509523,50867.7452953856,150020.577032156,173591.861959186,140682.581678842,125887.695291804,110709.981567432,118912.001072324,"0.430917953905703"
"1600","sp|O00743|PPP6_HUMAN",436934.821612696,348951.11348317,399801.676981459,281614.872094452,224690.102329864,189410.414472694,1040545.85440463,364790.939509014,304720.516204372,239862.017180411,372807.477631237,238442.210346573,169099.899019409,"0.0488921217090272"
"1601","sp|O14744|ANM5_HUMAN",481522.949178389,411634.937796745,163461.850803605,269060.564377731,215624.198713913,225576.885071187,434891.564086399,86047.5726712605,86343.4960424376,180361.809422609,202178.820410412,183837.995305964,186223.292701164,"0.427213577508872"
"1602","sp|Q8NFV4|ABHDB_HUMAN",57589.7814170985,44392.8146789647,20694.7785539728,24262.8500028402,83309.5307754492,89489.9527581547,39883.7952303647,106191.706485094,86966.5782629592,75055.4932707513,86920.8985516981,170284.912676289,149090.87332664,"0.15759447105753"
"1603","sp|A6NHR9|SMHD1_HUMAN",376651.292061273,194556.789799883,46562.1757922611,52180.6936208371,73804.4241918644,87811.1499064105,612617.343619936,235227.802533067,250539.946134056,143173.110154154,148319.819824141,181788.187078072,194485.419561247,"0.614375496682365"
"1604","sp|O43837|IDH3B_HUMAN",136525.395088368,106176.988126451,86427.859767214,92746.0869367752,127823.733205601,148021.788555063,66565.8479231407,82808.6626865488,71003.4641983057,160533.828020911,164387.9621839,184087.77500862,191175.036943424,"0.889082213811901"
"1605","sp|O60826|CCD22_HUMAN",161558.075916713,112967.539407711,154472.639548509,172307.202406995,146884.388385272,110561.496427911,28700.6208202639,156864.688338739,172158.655879658,127007.213999863,199817.012859748,129955.383904638,125522.394578145,"0.327590767973068"
"1606","sp|Q14BN4|SLMAP_HUMAN",236496.13663873,196341.724637521,201245.758642089,318961.368482945,258065.135048158,205352.644598592,178200.220520737,42852.1118340451,34864.0783374753,82096.9888464012,76861.3941951785,62114.9497982483,53217.5564169512,"0.443752143775017"
"1607","sp|Q15404|RSU1_HUMAN",2774334.48553353,2967340.84513499,3160238.40987922,3054378.77119207,5521779.27179037,5017993.25955204,2015376.17275907,718723.199039933,764562.00462543,1655994.41435754,1314989.43869002,1182783.79901128,1173942.94639055,"0.455866788981366"
"1608","sp|Q14766|LTBP1_HUMAN",19469.3240625686,12528.8031294603,72203.4855228181,55870.1874097969,21111.0149020044,29909.7218108201,4227.28133871624,95899.9336517379,80410.4989271714,285323.301563298,299463.82236235,26750.1664469969,43122.9336273267,"0.945021600418704"
"1609","sp|P11233|RALA_HUMAN",488663.620416611,341645.374685808,513055.86714779,912395.662037554,1165379.09040175,652968.567962497,512841.495615654,300424.943814091,268799.675980774,255423.828290381,248280.526475941,106672.185027803,115078.664736658,"0.378454480038724"
"1610","sp|Q92556|ELMO1_HUMAN",66438.0029965522,53155.8487697922,66623.8998589585,47167.5297977614,109747.811611911,131316.099028986,58046.5034848139,68582.3266282545,64044.579104281,112641.264359319,116114.12687836,59317.5157770919,72926.9765023219,"0.847533112760402"
"1611","sp|P49354|FNTA_HUMAN",384411.162879294,270496.458187901,390721.15935949,524923.476910688,535546.732553287,485382.539781646,183523.138405235,373755.787987631,419477.630845782,319579.474638308,312851.636759045,225478.159476983,287691.342026842,"0.513467738277719"
"1612","sp|Q08174|PCDH1_HUMAN",29788.2179119535,52262.1262491098,212081.530046558,197788.217223105,152123.606480136,146931.394092629,241934.266919222,11118.42447532,8695.56297059235,21232.3567769098,22479.6734654371,15246.5312137366,18372.346665792,"0.179222820068599"
"1613","sp|P49591|SYSC_HUMAN",1325470.42255794,1249283.5237307,1392857.74937934,1511465.56012212,1137982.74576154,925687.612310163,1386681.16673226,1029598.67535772,1215547.21390773,1378768.0543068,1471630.84246424,1419948.3954733,1300413.11938761,"0.681756189333451"
"1614","sp|Q14116|IL18_HUMAN",313662.248220587,313772.525671516,498932.850803483,607622.198551928,457564.614375019,483886.947480507,413877.213038693,661907.861019424,660318.184379368,426237.736937306,501308.034021754,345003.112176194,295336.920641272,"0.768448719935898"
"1615","sp|P17213|BPI_HUMAN",532950.386040658,464049.941165904,625649.603410479,673668.594709574,167604.032548551,178819.490903994,2045710.55181856,1157833.44487358,1331311.6495331,106257.298010372,114364.054312765,381707.184892111,309342.168107474,"0.709184431458181"
"1616","sp|Q7Z2K6|ERMP1_HUMAN",180181.746387206,151226.18164157,122548.612297321,126844.391732656,158311.712932041,173509.098710784,54158.141843105,140552.934063891,156843.854162383,146760.983148393,129133.350579305,74405.1056622216,80186.6694526307,"0.349765444500017"
"1617","sp|Q13753|LAMC2_HUMAN",48684.6083870847,66389.37638826,174354.006821584,144314.824528719,203181.482706457,207378.532741109,108614.324332346,133943.954985139,139423.816818336,95854.9812970656,119139.565396663,224652.529239055,217737.909013246,"0.214218396744805"
"1618","sp|Q8WWM7|ATX2L_HUMAN",39288.704124002,52031.4442830736,15148.7549679691,24701.4659566745,75777.9508411738,61167.8429556535,42440.1365559502,217852.432274214,198909.14448509,120781.888117485,129483.464883284,112286.430675735,125790.777075876,"0.435694308534762"
"1619","sp|Q9H2U1|DHX36_HUMAN",101386.773242568,73914.0649040667,151658.502373666,124694.074641339,117164.060940341,129139.388774112,125733.695099309,224073.840828266,263107.883660654,224592.720153607,177482.465636961,107428.687292892,93349.3240783774,"0.554944885522055"
"1620","sp|P09619|PGFRB_HUMAN;sp|P17948|VGFR1_HUMAN;sp|P16234|PGFRA_HUMAN;sp|P35916|VGFR3_HUMAN;sp|P10721|KIT_HUMAN;sp|P35968|VGFR2_HUMAN;sp|Q9UBE8|NLK_HUMAN",2261577.12957267,2726485.92308871,2942442.07832719,2843816.23716801,3439967.84738004,3088127.1353957,2084836.90391246,1494735.2339405,1719978.78410358,1746984.26300039,2080494.91288326,1924022.93691622,1350599.14350341,"0.050941818417455"
"1621","sp|O15294|OGT1_HUMAN",35784.7965487638,33544.1267089606,33706.4076076959,27856.357419642,80071.8397167927,62113.0939499816,17943.3576442804,132900.634694049,118194.506938415,93470.4074548401,92542.1153764745,63419.3686504436,56957.3235008885,"0.595345361886397"
"1622","sp|Q86VS8|HOOK3_HUMAN",172409.538485796,221286.86597127,214632.245865399,209827.696238031,171422.455861106,177860.084863504,193976.675631066,128358.418526762,121251.64814621,160062.877788916,159460.544594537,102107.421905392,124364.932258292,"0.0565592390878215"
"1623","sp|P28289|TMOD1_HUMAN",337399.760833413,365895.296798995,131500.388871421,122152.215255499,173033.284969546,118752.161937391,264626.710997758,4054.76535348305,16392.4015263799,13068.323067605,17028.6358084541,25646.2119043425,14639.1315622701,"0.500629498425467"
"1624","sp|P52788|SPSY_HUMAN",96619.2916910858,121709.86671067,67385.6211880742,111903.896277684,86615.3752514249,112549.004730645,85383.9340302673,230559.973406687,227803.885755529,96434.4248018884,73814.9556373868,166135.952176642,173141.488789874,"0.0943793990754492"
"1625","sp|Q9H0C8|ILKAP_HUMAN",73790.2226462968,73021.3209010734,83051.070550785,73857.4229151261,66401.6763360503,76035.0451872947,50657.5975202129,100135.956282754,79190.6524085166,70063.5635565849,73606.8439818293,111733.94000518,121191.635434132,"0.172961746812488"
"1626","sp|Q9NR19|ACSA_HUMAN",132136.226131049,158896.692272804,134665.173087684,192532.296050441,158152.841358619,130815.025586875,192301.480201208,153059.399284917,139150.938869674,90460.7116291366,109375.1723056,97267.6272586244,53241.0658134934,"0.272817134642726"
"1627","sp|Q9NTX5|ECHD1_HUMAN",4498694.82405019,5481940.79213348,6761459.9391527,5162961.19164733,6412048.09236105,3978323.77411118,5949456.01774874,8383457.4317328,8115555.84599562,7852052.73123765,5941109.24312318,4162378.61273676,6018403.00318889,"0.320169272081302"
"1628","sp|P60953|CDC42_HUMAN",8305557.56634894,8197745.50918529,6843508.8866684,8237666.71674118,7541679.23209551,7845719.57259627,4571038.34647682,9287555.78221379,9093897.89580673,7029700.9196368,6361172.48724848,6986348.75743038,7802906.34760542,"0.923606944916544"
"1629","sp|P84095|RHOG_HUMAN;sp|P60763|RAC3_HUMAN;sp|P17081|RHOQ_HUMAN;sp|Q9H4E5|RHOJ_HUMAN",4708672.8140667,5095017.53495607,5245126.9868845,5892141.58653655,4206135.6534194,4459152.76378106,4194160.89687882,9451937.30048306,9176569.69485952,5473892.16581833,4770724.17771446,5217802.80283564,5944531.21550619,"0.15558239079236"
"1630","sp|P01623|KV305_HUMAN",13867330.193736,27792635.5364929,47136048.0455296,36437260.1988684,23398261.5082885,25336403.7850897,10308336.7191047,13808047.5346187,12318098.0588655,24560507.1215338,24991559.9019457,11218463.8701045,11070790.2025855,"0.73067789024343"
"1631","sp|P30405|PPIF_HUMAN",277093.809248129,210864.255901639,135974.531425431,59997.3682141246,143138.85408637,100468.995995643,163554.54057183,391338.163892441,367551.113659697,162838.435100446,201037.102217195,300385.049830948,189300.280919936,"0.929769684288093"
"1632","sp|Q15286|RAB35_HUMAN",17530398.5467983,13279953.3018291,13937648.9075088,8714674.95155939,14018785.9898798,14632264.2014665,12250074.1678009,10602607.928368,6782822.87395807,4977664.56344145,6793957.90679676,6784819.46635065,6935916.75342704,"0.479963009691851"
"1633","sp|P62913|RL11_HUMAN",2612053.25752094,2566420.11448615,3152540.29384147,2818116.95137033,3110656.7936865,2236916.57375455,3071636.11948404,3553510.71839319,3023119.12690745,4596127.6221119,4488856.15118185,4419988.84079265,4671426.93917346,"0.593848465050575"
"1634","sp|O95994|AGR2_HUMAN",2046776.45103809,1622064.31149462,1609749.39019103,1282902.09320674,958932.722904806,880819.708835943,1382884.00658619,1873362.11200729,1534306.31957893,1844022.31121284,1134004.0080847,1690386.6763201,1869431.53627679,"0.966876651701169"
"1635","sp|P09210|GSTA2_HUMAN",247195.902782113,269255.533280056,112279.402670145,105910.121614097,70222.0311347517,74608.0229856493,96844.390384367,162713.271719044,210744.858548852,86395.1509628606,71979.4186802642,581015.82840813,607887.82250543,"0.355153109208009"
"1636","sp|P01617|KV204_HUMAN;sp|P06309|KV205_HUMAN;sp|P01614|KV201_HUMAN;sp|P06310|KV206_HUMAN",7487292.12540139,7352880.74032453,17288143.0135642,20562105.3404403,6502755.2391787,7766813.26720411,9068479.53281484,2153927.30959571,1844306.12079303,9080469.18225721,7603265.89598974,3722855.63234799,4485952.72027973,"0.170456305268659"
"1637","sp|P50914|RL14_HUMAN",3843425.42358188,22098534.597309,724784.306673391,641011.041210624,1260240.66410567,950873.35837491,1116177.88923129,1554454.59323191,1581085.4105466,1476293.07337979,1422952.28296413,1186030.5803199,1573034.11983277,"0.506270962582121"
"1638","sp|P63173|RL38_HUMAN",351788.330870692,354308.642758957,470161.104747111,460917.589700587,572638.711231667,622981.313633236,247699.262195868,394961.286087434,409365.900329439,868387.256471583,985745.608307385,572328.67964757,521185.876575206,"0.994793392136342"
"1639","sp|Q9UHV9|PFD2_HUMAN",375934.818785592,346283.922851092,255298.899095918,334281.069967103,241980.890115059,277141.476900388,370543.56192174,744027.974566479,746513.53057378,286858.213655642,297873.411227104,311709.280908185,314406.178498827,"0.598565543738958"
"1640","sp|P61020|RAB5B_HUMAN",1129981.00434475,1129268.43858102,1055590.82250692,1133466.53937162,761251.399033754,814399.505728098,1107173.66079182,901234.826898461,813750.957867544,403376.539046225,463917.945272762,2174920.3022109,2921919.10486378,"0.401334164559527"
"1641","sp|P15941|MUC1_HUMAN",1918120.52119403,1820166.58828726,1142533.279824,1148614.8681055,818752.394825704,998973.58312115,902852.86820118,968422.335273478,1092143.62048562,544108.08296082,489389.891623797,526883.170815248,461664.018275677,"0.563786296773422"
"1642","sp|O15533|TPSN_HUMAN",158192.662610947,173518.327330161,193348.32228411,250516.991932369,238312.73154731,292535.733347488,161129.163993925,350793.219455442,335131.993486665,279475.77811412,213732.174161933,218490.816441207,243109.514772245,"0.15629910041332"
"1643","sp|CATG_HUMAN|",215811.142480963,324269.144546957,491641.812611038,470307.066610599,248776.552900507,165035.906373477,916475.482706469,1623430.40978799,1535919.18272116,555427.569955941,680861.752966338,645758.091860905,498344.850247495,"0.360543954879751"
"1644","sp|P35080|PROF2_HUMAN",282340.596569262,301145.924490218,230398.226252571,244616.449059666,261989.290061741,252545.575671382,81262.5720185956,745629.51049391,750546.895437633,185645.325299767,207362.773906858,234406.954553893,285784.385876443,"0.470604222429756"
"1645","sp|P07741|APT_HUMAN",868591.757108061,708543.994304396,663224.754705645,784744.777210365,551150.303974584,537497.422392155,1693977.02912472,586235.49006225,596895.12311369,676724.541115259,694585.626326033,694913.739491425,760039.18637262,"0.456316122261083"
"1646","sp|P48426|PI42A_HUMAN",973731.996283898,807435.412084783,897405.467953297,818218.547562987,598825.822118859,515491.214406907,1327375.22604616,702877.086072737,565788.173372783,802829.181211874,674561.308634138,413671.186708013,267761.448275004,"0.262851178202163"
"1647","sp|Q96FJ2|DYL2_HUMAN",501025.388831014,509138.666573317,909185.686177741,927439.101960178,786351.428910072,793886.332540254,717023.615659139,831507.237769615,826387.051761389,680258.859750758,673847.877467376,439246.959825831,443036.350563819,"0.841881758442626"
"1648","sp|P30085|KCY_HUMAN",718365.284500349,684620.684194195,943184.142178498,902198.754340529,988460.492339563,653110.183925595,836640.55502546,962638.12936689,1150124.62365771,819362.138209688,744949.320234802,481916.378154132,584773.043946591,"0.841887849180083"
"1649","sp|Q15369|ELOC_HUMAN",114866.736064232,98240.5928753867,107436.182909481,154923.244860311,115646.311629,117486.643528635,156173.46522173,169280.66843798,161601.908856039,116942.619480074,101662.884339722,115990.199334572,145111.570156059,"0.179365176430843"
"1650","sp|O43813|LANC1_HUMAN",1596915.59699058,1727571.28528409,1026192.64073622,1238907.34503753,986013.905367619,982952.653214939,3500091.03951099,675215.326146487,518739.531748342,537157.286051705,704511.833015356,445881.957110255,421399.563645685,"0.392386517866604"
"1651","sp|Q9BPW8|NIPS1_HUMAN",330034.183477859,238394.062991407,205548.961253976,239948.132078467,185559.660755043,206453.399195097,383900.377905021,354470.882698479,424101.807902786,248038.367309488,243741.977383272,281833.359949374,328091.603040622,"0.765242762782519"
"1652","sp|Q9NQE9|HINT3_HUMAN",241031.738192525,210517.091312461,258692.157588429,193552.970535454,170669.932471898,213877.473607047,226599.917723471,159126.025626032,176843.368452129,149784.84839765,127228.353843154,122202.730766105,121630.492161712,"0.575102336926138"
"1653","sp|Q9HBI6|CP4FB_HUMAN;sp|Q08477|CP4F3_HUMAN;sp|Q9HCS2|CP4FC_HUMAN;sp|P78329|CP4F2_HUMAN",861734.439513342,580366.727413786,665290.391533144,629202.866074633,385929.808554997,522681.333448338,1801631.55488702,1142932.40243249,1043109.07088244,322109.804799102,461644.70763501,2400719.06852401,2439904.10946206,"0.23863623802024"
"1654","sp|P59665|DEF1_HUMAN",1165460.7044406,1174522.1704925,638202.712449058,617922.474522762,321285.760628296,317992.545641879,1032515.53778448,5030557.61412962,4698996.89774233,841017.052328256,858364.702475002,374974.554525802,392123.167669935,"0.639838691321204"
"1655","sp|O75531|BAF_HUMAN",106488.534284578,101458.267874059,128855.236482712,120283.47796307,147469.897000925,152034.899523857,31823.7464827236,242596.644056621,193294.709738108,183480.62714905,184073.55672482,211076.52547393,207665.575972548,"0.412605002683082"
"1656","sp|Q16647|PTGIS_HUMAN",63770.9206392698,86624.7413702082,224002.358648607,228624.925989903,219095.659594583,270501.507325982,125534.796028397,176705.772001885,207712.128835226,426686.86879091,480439.780552634,430805.418036779,314855.004406293,"0.715315140666256"
"1657","sp|Q96HN2|SAHH3_HUMAN",4099.4923790243,1188.45749217431,16382.0094225513,7085.89177840993,14107.9845297525,11163.6861885557,11858.6242350112,11174.5696321919,18112.285180871,2152.56435301702,2603.90565295104,16972.1799463978,26940.473461634,"0.105557447159807"
"1658","sp|Q12907|LMAN2_HUMAN",538872.131252294,538033.624059644,641944.17024791,469905.633988765,607272.822051273,505541.187938356,199589.154844164,699944.887261697,665025.135996471,828552.159188038,724174.334565719,728809.554874232,824862.431745832,"0.396073987005176"
"1659","sp|Q9UBQ5|EIF3K_HUMAN",155318.8458989,135588.857939841,378573.822098725,452660.548063408,122484.938967869,147501.873666816,117849.118437988,285409.500466309,282248.715652814,234916.695594687,210959.20292476,299091.838251029,281732.084983075,"0.15098959627915"
"1660","sp|P07451|CAH3_HUMAN",1429982.00267243,1519897.10957492,2552140.04265912,2998649.70681806,1192653.98596219,1486977.2285735,5811069.78157793,145859.160761403,133818.016975421,445399.126025732,515712.755166238,224894.007748682,185434.29402292,"0.375299454509421"
"1661","sp|P55290|CAD13_HUMAN",429552.932613767,471470.547603807,1407413.86045104,1490192.83325926,963907.594601824,1009971.78407773,518614.613861711,119638.435634435,113430.821137838,289446.888165909,285536.724301949,133429.637974565,134283.732979491,"0.206055489913731"
"1662","sp|O75475|PSIP1_HUMAN",324193.860164632,420182.919415171,377613.987649374,445800.019759604,435312.91316605,379029.30345534,304682.754436918,347254.118572171,261097.28574913,294772.099136094,283091.135484317,254028.673745507,229714.171877126,"0.261761734583467"
"1663","sp|P84103|SRSF3_HUMAN",1089175.29064636,1817802.92495952,918013.597433138,1597921.14638332,1363612.97924565,1868920.25136217,1363063.52746407,1541941.33782131,2025600.10413517,2528778.02149443,1475594.87303826,1561799.26632414,1709667.69705847,"0.118923386315014"
"1664","sp|P62081|RS7_HUMAN",710101.326941291,704221.515785357,611265.538027571,600478.956267696,627302.63856791,625700.104201544,454607.818785886,458651.171721113,425752.971980132,218262.39628719,199171.656685296,742630.363121228,836350.970213732,"0.929065694198076"
"1665","sp|Q13547|HDAC1_HUMAN",24005.3162826039,33924.661129299,14994.1711606371,13868.0609513268,21178.0830534934,16432.1915221455,59812.4309976377,20617.7308335487,13462.8786005148,14151.470229724,10978.1546469264,30786.2174541067,43000.6652460372,"0.618197166730022"
"1666","sp|Q92769|HDAC2_HUMAN",202.648110439471,69.054085775182,1556.50287163927,806.190579849638,7234.35534824579,7190.27294633478,184.077998156492,125578.197086814,113628.035789212,10022.2264688674,10505.6776319419,29230.3371910627,29875.2284361393,"0.161778109706352"
"1667","sp|P50225|ST1A1_HUMAN;sp|P50226|ST1A2_HUMAN",120848.799792693,144735.795257368,322063.944614763,403670.71764572,250823.766746751,336386.028838989,136238.942625347,74854.2285491606,64029.1276871678,34544.3354427735,53366.7411293652,109596.556283379,97274.0675271061,"0.730972711023991"
"1668","sp|Q9NTJ5|SAC1_HUMAN",318908.488305473,334623.759052519,614225.362679113,452873.716316624,349607.227950828,363295.521520959,445554.993319573,395875.074481845,371940.08043717,484632.783362388,325949.502059206,261546.1962112,282564.269613453,"0.59553079313568"
"1669","sp|Q9H3K6|BOLA2_HUMAN",324764.025388161,327074.837134542,203659.349638927,65194.290008764,151946.953337367,107558.921344477,471771.069489151,328843.151405672,303326.51243058,106720.916066184,103029.648022269,478939.906807286,510208.726650804,"0.592891040440555"
"1670","sp|Q9Y4W6|AFG32_HUMAN",164459.669283609,234861.754995272,115725.989010839,133371.011811287,184194.588932517,144195.303768894,74702.4581862249,171219.548199394,213597.435416994,152624.047171971,163072.487583619,92491.327034892,143649.835503925,"0.611333037732152"
"1671","sp|O95777|LSM8_HUMAN",33749.9459349721,45010.1563452935,31573.2967686195,27269.1987908562,53749.4567729922,47869.5755210857,16530.0872149957,138737.574273889,118599.22358915,85983.8019210514,73465.9315880161,214238.440111019,219736.417264044,"0.0644958459046666"
"1673","sp|Q03154|ACY1_HUMAN",287634.68783934,318671.758996816,249398.921335392,266782.278116676,301500.070074815,344243.042487727,253485.182046707,190959.141398109,222683.058609761,247568.370007874,267624.365468927,190394.847458126,212066.736805737,"0.0378629818965083"
"1674","sp|O00154|BACH_HUMAN",195765.068031475,176400.892178458,177970.769825499,245092.90373237,149319.285404228,159415.955373664,174799.185830881,336566.456851765,338459.608381862,315510.832311586,337131.605749935,231191.889857927,258185.289310873,"0.748337058003174"
"1675","sp|P15088|CBPA3_HUMAN",936526.960380969,766794.452770521,930238.672380464,962586.530773471,1211534.26707039,1205749.82142476,12148608.46787,233368.464933575,211433.094496879,1369971.0358617,979839.209144676,517841.470162186,584765.42630925,"0.325745767316092"
"1676","sp|Q14C86|GAPD1_HUMAN",291342.739195074,300177.791756725,244771.085076996,168174.037198457,176864.592958391,167048.702371251,302309.643367004,423046.510146995,441614.600525216,102252.679390953,102569.534814261,63881.8374025667,78493.2356328693,"0.768427886836254"
"1677","sp|Q92947|GCDH_HUMAN",212546.811808047,142738.679780695,98324.4424283912,129298.554585894,133904.570630186,180590.065775021,87339.9777558445,170308.301307638,121431.244031785,208511.078559554,186513.793928735,113928.8728344,110401.504502005,"0.0908148683617711"
"1678","sp|Q9Y5P6|GMPPB_HUMAN",143681.290431136,126557.514965708,173183.564372232,12433.2914082111,221422.657345977,106571.784315434,55370.2969425869,412521.762264473,317482.216008015,295394.057051706,655975.170681744,273297.321949028,472671.366848166,"0.992288085836704"
"1679","sp|P60983|GMFB_HUMAN",141741.224903083,133251.556292953,431786.478054473,315675.365794232,370318.563411616,215809.554794783,204267.862705942,329921.189730947,377026.696256382,244356.208430985,210541.772582685,156905.298936616,186682.089455804,"0.321919594706956"
"1680","sp|O15382|BCAT2_HUMAN",575941.974029868,615009.891457568,293307.399268957,451300.904399211,206915.187873057,167680.620956961,429783.476827021,292038.313490292,282581.910863393,162070.342426903,177931.936474176,246405.81225525,249882.221334792,"0.581719966438239"
"1681","sp|P48449|ERG7_HUMAN",160114.002271932,168818.835473673,79493.7271456033,103664.734343607,72363.8737329212,56517.1643160351,25576.2924544048,100976.12444163,104621.929804989,43283.6097055276,33402.4547603062,66969.6142971937,73439.7172161283,"0.698857625141121"
"1682","sp|P24158|PRTN3_HUMAN",937568.603580233,902828.646751536,3010598.52826768,3172076.44207917,418408.018889125,410917.990565632,5008939.02512392,4291803.07296967,4121954.18296717,927509.78312855,435875.47563004,1823274.73751004,1869019.84426725,"0.153856558040509"
"1683","sp|O00178|GTPB1_HUMAN",170618.592938151,167522.706799518,282188.442466973,318170.56064618,271205.554436054,241007.186971811,180021.223798275,181350.93768396,178043.077625161,205804.511193645,202856.716121994,340395.860028757,367973.301572162,"0.151414701748998"
"1684","sp|Q6VY07|PACS1_HUMAN",99155.8164706029,118399.472334535,170648.288638246,168946.851529938,191451.848183399,195117.737373538,117618.566281251,168162.933291096,158867.244542748,206035.93421513,220406.958037867,114806.635475462,129538.699864234,"0.936634301290789"
"1685","sp|O95219|SNX4_HUMAN",151375.856589854,134909.570867936,219533.399537934,281041.018357357,230354.968083573,215106.581835908,179583.974647568,191386.31586886,186111.780150007,133991.488263875,171000.713325191,117810.537645881,104521.997362676,"0.362531606225837"
"1686","sp|P19957|ELAF_HUMAN",9414.81530087306,8598.58941285507,17115.5058338593,6976.77997638312,12782.1530844236,10197.3767243779,18478.5138137274,28223.3782024851,26140.417892684,23063.1067587114,28411.258753918,379896.187732149,450586.933328489,"0.165709614804102"
"1687","sp|Q8IZP0|ABI1_HUMAN",234489.247324597,293316.149855714,292498.32097297,153186.993839064,160428.512905448,92184.1563302929,440516.230373485,49727.3031981171,50439.6876396668,133651.395808459,83498.7126799878,93097.3506028009,93951.9089230833,"0.530579218526175"
"1688","sp|Q9Y5U9|IR3IP_HUMAN",188668.535458669,262693.947450989,190926.307824291,271915.933533571,406031.604074453,320455.119666443,123353.861256153,111911.034376243,215823.983311008,210792.86062583,186833.190711835,163358.355039642,92098.5749453289,"0.567851157267081"
"1689","sp|P01763|HV302_HUMAN",419638.9137324,337057.292523706,820867.751694887,614266.447072163,312902.231606715,374306.592388628,1203058.51236073,174811.072814564,214813.874551313,487797.964667264,409269.649491249,162131.085120116,201182.447869256,"0.137653243336321"
"1690","sp|P62829|RL23_HUMAN",498471.875394595,808930.430824085,1413303.98633424,911839.527543544,1271324.28543701,1257681.67542558,970939.55679627,227287.267896871,266933.627064396,2662466.43802982,2642606.02261572,1691132.58795224,1847480.5815406,"0.856166675048122"
"1691","sp|Q05397|FAK1_HUMAN",232124.579844876,261698.057060008,427649.532115423,391681.411679745,456576.139487706,439689.940979768,194998.451869953,246228.709017161,241102.792613771,257934.797593668,254038.567145482,231657.153277188,235493.811152017,"0.945977232956672"
"1692","sp|P02652|APOA2_HUMAN",642824.924941795,626069.788964807,1138030.13289335,1381527.7236184,1583910.32433427,1737616.28807778,1497319.04483087,580934.636503426,641665.653864344,846807.548095992,942416.33787044,161629.33153106,177505.489181918,"0.350417141075532"
"1693","sp|Q14108|SCRB2_HUMAN",491536.000159272,572562.324608477,500629.268750213,482117.605481552,327987.338298237,303488.024052985,569059.32873399,538404.649125428,476757.920332544,296255.447481505,318103.429800999,273832.311211357,343334.138225902,"0.596765857409104"
"1694","sp|P84098|RL19_HUMAN",33594.7331337246,68135.875963214,42195.865621779,56634.7996837682,55631.9260418339,50432.8694203582,69781.6045060702,86789.213424762,65466.8178850767,159958.311516327,152275.592660629,101333.262046877,102925.446495563,"0.761505962984347"
"1695","sp|P23497|SP100_HUMAN;sp|B2RPK0|HGB1A_HUMAN",1847172.09660171,1509168.60725103,1694053.58926143,5837953.61567174,2650941.43350335,3298421.6024414,2547277.8746027,2480105.90784962,2576192.80104123,3581241.19983281,4182605.43368275,2351972.4851157,2782466.94246666,"0.956933155348393"
"1696","sp|Q96CM8|ACSF2_HUMAN",166254.569898485,235977.194391209,108225.451003136,146501.881793309,160832.041340511,136279.080712167,104022.803570854,66088.0831758702,78380.5320217255,70169.9591804956,104329.912496124,46611.5002777191,106676.606689757,"0.306715134115657"
"1697","sp|P13284|GILT_HUMAN",261710.211957799,319458.072037482,43910.2370833857,45838.3236435706,92841.225267517,83828.6494575604,61877.4461257054,165754.567749273,148657.139380496,64459.8536539411,54548.6654898522,97431.7174456538,82598.8530517042,"0.626938368731053"
"1698","sp|O75882|ATRN_HUMAN",293128.290089626,227520.90216873,353547.584881623,347192.347323122,197212.241474753,146606.334120659,492186.857291968,177538.76844169,102541.233482987,157275.374385092,125169.904369341,81991.1298148918,98253.7316224759,"0.454106810710848"
"1699","sp|P10620|MGST1_HUMAN",398701.227775605,453624.328135895,190983.108239805,368728.056256076,303925.034834325,267168.260453546,245245.359064341,304894.917427348,284074.492738391,316209.959340573,443790.988647383,304915.036588655,317431.984587129,"0.0703822109384428"
"1700","sp|Q96CV9|OPTN_HUMAN",134574.292997014,112021.029290436,106322.478534895,123193.886084255,167118.494013737,149988.693745974,168618.24130283,103706.606664254,110223.120612434,149270.213239149,162378.829739052,48958.0638194422,56674.7880382714,"0.174315381761469"
"1701","sp|Q9Y315|DEOC_HUMAN",483877.911227685,480449.259623352,504283.269232083,446708.877666967,465450.928927585,423363.726066539,653143.803946022,370324.34647841,385876.724663081,325804.815049437,478644.510970181,369168.021787255,253895.809475492,"0.0322484098496358"
"1702","sp|P24534|EF1B_HUMAN",675433.726744485,640823.870436895,1249201.02897993,1022141.62433974,1181973.9412744,1244971.91593864,686938.947969849,1225653.88538082,1229602.13981808,1518610.87557936,1870192.46210889,1173760.74149705,1399138.12747971,"0.8285870494661"
"1703","sp|P20645|MPRD_HUMAN",245094.733153062,234654.293816899,173732.68751101,181399.734091804,195487.303684248,195504.220448125,121464.937848254,469890.457954313,410962.543512715,340516.18392158,256085.069075248,432552.090674556,522825.314816574,"0.033419619673218"
"1704","sp|Q9UEY8|ADDG_HUMAN",753827.923332049,617683.389255454,895835.959604716,1029154.81916967,1140358.65667092,673727.267597549,1042726.56938102,434235.107777413,542923.00328827,482463.612086071,403151.335054025,329032.169314798,403104.823272566,"0.554648308165706"
"1705","sp|O43169|CYB5B_HUMAN",65869.0819603535,63645.9506518069,115971.33200793,60859.2358747757,76158.0257262507,79339.9307643026,17137.8721397327,23545.1180331671,46699.5077043629,47607.144192238,37491.9430439523,71682.0709013703,69781.7565359459,"0.872636179078744"
"1706","sp|Q8N8S7|ENAH_HUMAN",39837.0311544368,36780.8089961746,41120.3430123859,64040.3034874902,67718.6072642396,49909.340853869,21538.8760781818,51661.9256836846,64347.9719414852,99136.8058120625,95809.4472907579,28356.2224316992,24776.7655255947,"0.885798765709877"
"1707","sp|P25685|DNJB1_HUMAN",365326.263305847,185203.809135116,490076.595268209,349356.180370093,342832.361076278,174206.337196936,204300.903868181,208319.59954096,325297.347508135,207297.333668197,228490.278418742,356865.150432661,209424.055086389,"0.729781233547851"
"1708","sp|O15212|PFD6_HUMAN",284194.38022297,261705.487048291,337212.973385544,242478.457740965,477530.361711481,402449.718793628,250557.803840533,395725.867514671,448163.150460768,191103.798987173,210412.659782885,247903.392136548,273483.051266461,"0.670676338293214"
"1709","sp|Q9Y5X1|SNX9_HUMAN",235200.800968657,163212.483883733,247269.974441606,263537.839758413,192492.511077624,206924.85271173,211106.826350275,250314.686335261,314440.135535213,403099.855247667,464873.911285541,205997.20016531,242476.196880405,"0.87251536898512"
"1710","sp|Q9UNX3|RL26L_HUMAN;sp|Q2PPJ7|RGPA2_HUMAN",108954.681408347,31479.1140405902,52242.2741876588,110459.655742669,123588.316363611,153751.283755312,40096.8150912357,133766.715791083,105604.026796339,287079.562112771,280458.88409195,255310.420794292,287334.90113001,"0.673661345469065"
"1711","sp|P61254|RL26_HUMAN",57.9582590128756,12989.4911622612,151.611199797953,4347.50330493894,59235.302589269,42822.1271582008,73.5408646756902,8148.03637899923,10178.3373081905,48964.9914595615,41366.3597330635,31339.4035820923,47487.8529616488,"0.594198805969294"
"1712","sp|P43405|KSYK_HUMAN",63344.9986616738,75663.9261541987,69351.0040446854,76146.6030551866,77641.8398531155,48008.1457832999,81602.9443479359,196464.165514844,229164.386038708,73400.8916178921,82296.8674594133,149266.571918565,160121.370187836,"0.0823672207146117"
"1713","sp|O00499|BIN1_HUMAN",114162.193650741,95997.2528825409,80371.1073631275,98861.1778857974,158846.039363464,150932.381297602,109602.653602245,101523.148737634,46413.3961501394,145650.169007404,126372.557860807,65990.1908031174,77461.4486566295,"0.220008031636323"
"1714","sp|Q9NUJ1|ABHDA_HUMAN",264902.043051047,224017.303965104,94998.3421950398,113412.107805411,148902.436500255,168150.831418559,77778.2883058072,157789.385830418,129568.850938316,122736.727026047,172029.427050465,162605.238600995,165657.521037289,"0.373216140583016"
"1715","sp|P28676|GRAN_HUMAN",758259.006818174,832279.206285096,462491.330034002,707205.126504181,242721.74957176,316483.436271118,726848.854049803,1086309.58081339,1022451.59480946,289867.954970172,254255.376907393,967740.11287989,660565.718501795,"0.702762820990459"
"1716","sp|P12821|ACE_HUMAN",143269.804226531,106265.410057476,243184.511853641,304756.805005269,223497.744572952,414434.407165639,305054.216944154,163052.54744682,170098.923637803,63928.8322872128,82842.7989569752,103032.138184218,87824.8635832295,"0.77824140220597"
"1717","sp|Q9UIQ6|LCAP_HUMAN",186369.88863729,210993.192716584,299800.417223182,302798.720164133,333667.735959132,256905.684107902,215324.117769333,285100.506608684,282549.464662419,322126.88472923,327449.814324211,178902.433133958,162333.772974574,"0.980602072229378"
"1718","sp|P15927|RFA2_HUMAN",56406.3615513063,46312.5050926255,44715.3668413895,59105.77415969,95005.7813044564,57204.5880489388,262004.996421687,110651.41282872,101518.059685528,103130.275431419,82037.4627843233,85693.8992243271,127828.331003347,"0.186901440076671"
"1719","sp|P49959|MRE11_HUMAN",81048.1105150121,80709.5043405076,63066.5273594574,75174.3807674567,114429.283430965,97667.861663298,19080.1358933319,178002.030573437,171867.925286678,119022.362404254,121540.373898814,192420.318001182,212136.701932306,"0.112479604962579"
"1720","sp|Q9Y333|LSM2_HUMAN",1018792.60616017,999556.293566666,941543.547350035,911390.509674194,656980.757061898,909140.467098428,508713.425388115,1094502.94663549,1165477.72168047,1480387.68956704,1070799.96638118,872387.857555312,1069854.20113457,"0.439947022717387"
"1721","sp|Q02818|NUCB1_HUMAN",247781.831104533,334801.486991526,191727.055747298,205802.38985544,159321.254928205,143464.890306282,135514.957187953,417911.203817978,442514.051345771,136718.424678812,93642.912652577,346788.806258838,373374.946188761,"0.378407291926009"
"1722","sp|Q70UQ0|IKIP_HUMAN",233536.441513151,275229.192341245,213863.577052206,181141.279615879,214454.505400618,208633.598017444,311913.834974164,209014.88256935,224200.656640465,516398.750361982,474375.679911702,134961.536144489,140673.762939862,"0.738084705456559"
"1723","sp|O15258|RER1_HUMAN",270532.775012431,198335.131492023,436709.810789114,331584.877965189,330652.955286759,343613.394554452,321481.565484024,384657.168284246,200715.875393586,688764.833765012,809367.06213772,311788.362748592,371172.285564019,"0.855816168972733"
"1724","sp|O95470|SGPL1_HUMAN",95308.8063029187,96065.2867868905,69183.8327699776,72428.1646255453,47033.4591276461,50121.2343936685,40116.1219515574,238404.449483532,202248.079712403,114812.275079251,95598.0579789658,278644.725416875,193151.703325451,"0.068871394518495"
"1725","sp|P40394|ADH7_HUMAN",12483.892269184,13672.6362383639,2038.40621433376,744.524752000793,3569.13450887844,3676.43519352876,2859.79994629963,12006.8591657165,13824.7098837964,1463.13360641727,1605.34900887953,147118.527431619,279025.514467075,"0.212548110721732"
"1726","sp|Q96IJ6|GMPPA_HUMAN",126650.500131842,98748.5215516113,91842.7906302839,129181.612555747,101505.882716849,129368.963009043,165712.56322124,97420.5211333584,112611.487888432,207002.593399911,212111.113026864,209840.204067825,226627.657576843,"0.674205210206355"
"1727","sp|P53367|ARFP1_HUMAN",248008.075680877,212253.908827981,226612.258430269,205771.023422087,184972.99997672,210966.016775295,204528.230985538,222312.706966939,172938.380656778,143431.447686296,218240.945065616,106936.262561896,126364.394197644,"0.0289037645315975"
"1728","sp|P51553|IDH3G_HUMAN",108896.834821623,82370.3811773437,8305.19066467545,23926.303659552,72064.4208457303,74493.9152766177,14435.4099054575,46730.7344749106,63989.5038296608,25009.1670069427,23068.6294328638,317650.848281043,282775.10480988,"0.374020137420193"
"1729","sp|O60220|TIM8A_HUMAN",83341.8428199829,82626.9033123765,124188.301980676,98379.3805884773,59468.6304463624,72414.6734207609,53372.8977208122,203192.604670269,185623.910550349,126119.931520237,123148.586215264,236632.044360584,211513.904425659,"0.0767829471315358"
"1731","sp|P57740|NU107_HUMAN",51216.3085785211,49559.5143368766,29737.8617756936,24606.1629116584,55670.3906758929,50086.963971276,18492.7597674911,149278.35436808,119810.235567877,90184.7944816197,80937.7484144337,82699.6488962451,92628.7240098883,"0.281545906044182"
"1732","sp|Q6L8Q7|PDE12_HUMAN",36822.7507896307,24750.2314316006,21586.5579771558,49076.2618062821,22840.9904289817,20630.908441398,73279.7451307754,107222.594684148,77084.4266546766,60071.2459047067,65901.9565692835,50140.196135386,49522.7513066617,"0.640595236705913"
"1733","sp|O94776|MTA2_HUMAN",168995.772677769,158207.983578797,38985.617534633,62807.9014120053,132481.210410041,162283.844786061,111914.582487516,123924.8865701,126009.036753182,100462.672877655,125883.066504152,130148.347730611,195830.532642023,"0.699547042488744"
"1734","sp|P10586|PTPRF_HUMAN",16217.2650741893,17951.7372049075,23263.17981804,22462.0228884541,21505.9477234809,29139.8464573989,7970.64675535326,137579.398972169,131749.320547723,17286.4903238077,21531.9420313419,29212.4727345373,23840.9779595772,"0.303513875563162"
"1735","sp|P01769|HV308_HUMAN",745461.917136687,707851.680566625,2420718.61745479,2268535.59730877,583735.65101483,571335.848494168,2153902.1228191,839520.61897973,750585.682400251,438904.823760557,424949.364521113,584564.609622134,459688.968295711,"0.797741800069159"
"1736","sp|Q8WUM0|NU133_HUMAN",36165.5011134789,38941.5278555405,62517.6055462766,55990.9972324351,79437.8305190448,75810.9102265221,27348.4541457743,255855.063491986,255202.283253425,125176.705826631,128121.84051773,313252.324924257,276945.087704098,"0.119465496552908"
"1737","sp|O15247|CLIC2_HUMAN",412896.955710261,263101.922597869,593906.038573123,588373.085994426,622098.003607828,664873.083409261,392870.857611847,170001.889965855,166338.756662475,205552.939994735,238583.832977651,221813.463921688,200955.712550512,"0.398909176856246"
"1738","sp|P51665|PSMD7_HUMAN",515714.554574534,442035.566871788,245184.805558787,240600.478175284,220416.191010946,200292.97674349,398872.404073198,327641.03380087,315495.070184431,264223.035560961,262096.275211182,256470.812143749,207978.158733545,"0.496052073014701"
"1739","sp|O00186|STXB3_HUMAN",226054.238994901,189713.284640475,175155.65003398,181874.45232495,219030.122274354,205549.835865189,185454.921844742,170943.924529694,154757.98308179,174968.27881839,163130.630053127,115057.641954089,109500.765803969,"0.323513106573985"
"1740","sp|P02766|TTHY_HUMAN",22109233.9881262,25759028.058213,7162740.11556058,5541889.36328886,10074484.926899,9642504.37983255,12551615.3635904,2770619.72560551,2309611.62105193,2348852.1075417,2863777.96923305,1072170.95778662,1070701.6801283,"0.470471103633509"
"1741","sp|Q05209|PTN12_HUMAN",104543.253737687,75455.9804891797,87831.7396083733,59664.808243175,107328.394358325,76260.2412130891,31645.01500253,61604.7828406026,41010.3229767928,91345.4060885646,80956.759537896,25792.3013808927,37791.134092584,"0.108007015233498"
"1742","sp|P14174|MIF_HUMAN",3742460.30327239,3862416.92817616,7180788.12565388,7704291.8138769,5829221.3652709,4673514.40909202,9341047.0289345,6221309.8618548,8597867.10149,10464159.7243154,9470485.85757941,24116338.4992068,19140462.5791688,"0.149710350421033"
"1743","sp|Q9UBC2|EP15R_HUMAN",121874.657875409,157171.664664426,195555.574270176,174344.803630938,176627.705832389,181953.230782167,170696.559456357,109426.416686396,113811.727401056,213254.159070845,230500.292407981,118867.53345208,142479.587688526,"0.860700858517075"
"1744","sp|Q14344|GNA13_HUMAN;sp|Q03113|GNA12_HUMAN",4950486.15436693,5395480.71206925,5805042.48831294,5102679.91603423,5175709.09327457,5807906.1760012,9588855.85052321,3478105.89463077,3749228.54806829,4987893.30724578,4274272.15951853,3308502.23761828,3750500.1990327,"0.282130278904491"
"1745","sp|P62995|TRA2B_HUMAN",227221.451784837,192325.768655485,160029.167809165,209228.659213612,122884.480621564,105762.24899552,95668.4361263997,128177.780416053,111808.911137961,79861.3097663907,90352.1239232387,196758.58060676,209208.303858888,"0.811874109043045"
"1746","sp|Q9BQG0|MBB1A_HUMAN",255444.207657626,243165.060011751,93379.4720017163,102101.079623735,129493.381105871,151070.37670824,508460.364454891,274295.135392583,287684.307736982,209391.267203693,212731.530518293,111084.666303289,114189.539697694,"0.291300142857204"
"1747","sp|O94906|PRP6_HUMAN",59801.7140174072,60352.112877399,91150.2615620704,117066.070306581,77050.2091831931,84068.78898269,126479.751931291,185586.69007176,256776.882249499,144732.657818832,140231.101880156,163252.057743297,144672.896830123,"0.29105883555726"
"1748","sp|O95400|CD2B2_HUMAN",85799.1881268779,96169.9998389647,33650.4228083512,65491.694555114,65248.3244694478,109993.914434848,153455.089154971,75639.7172836292,82661.0638220629,65772.3656151602,81764.5498203475,114326.034266444,78116.5410588191,"0.932154194415441"
"1749","sp|Q9P2I0|CPSF2_HUMAN",29182.3277901203,25634.6265675509,14513.7304834987,26200.0942430625,32613.6334708907,29281.864807762,52476.4684043738,30886.7623879509,37454.5009963003,14538.4070787416,16837.9228735278,43187.1390226308,47833.2367200299,"0.391850445118041"
"1750","sp|O00469|PLOD2_HUMAN",48307.6787582137,58068.3590438095,48718.1719066969,45551.7052821992,20745.1821453748,27457.4280713737,151042.081720753,356141.042074244,314345.317182084,401516.415311919,448340.423362028,124488.491839169,125324.10005274,"0.892855847634631"
"1751","sp|Q9BZF9|UACA_HUMAN",136069.204535934,138565.234999145,193204.564725666,170005.70999576,203346.507619237,184791.893965377,143285.877090872,38516.9118331316,46462.0523481207,72815.9722009894,78885.0229724248,42724.525115677,46917.4151640831,"0.316637603213675"
"1752","sp|Q96SI9|STRBP_HUMAN",217.763103169374,392.381032184816,473.405585618181,791.610889637688,392.95416140997,415.94260432766,397.081002271283,411.748299632566,68.1964219319523,228.936501301917,92.0482166486183,4648.68780707251,2313.00490332974,"0.218180821710812"
"1753","sp|O75306|NDUS2_HUMAN",185371.445573,245764.33859324,230739.355299467,277410.328863448,265788.514495602,275910.099983154,545912.605039624,242492.256285739,268020.976416633,155360.749588273,146666.02281474,417961.273870912,295676.489787218,"0.153286774753596"
"1754","sp|Q8WVY7|UBCP1_HUMAN",119309.748881909,101892.091581955,237350.548941094,195223.004017907,174628.990934395,201749.59262092,145729.573657571,166191.793574531,85340.2980664409,215649.711200311,222183.93993675,118314.811761781,116079.908603177,"0.779707843895399"
"1756","sp|Q5T5P2|SKT_HUMAN",54083.5047785677,38559.7798189313,96280.7494260429,105805.007738498,89464.725444512,71036.4449297122,62985.4414792098,57111.6855558849,64620.9911101142,64045.7998084527,54133.2786330937,29817.6453584498,31925.6191515935,"0.531615281682842"
"1757","sp|P34896|GLYC_HUMAN",27094.8627986985,15472.080363736,28700.3424646634,24467.53776345,19443.741199124,18989.2784935062,1427.18757797695,48726.6418425008,54311.7438348416,17371.8612023352,14378.8478560418,633.381300973048,2834.20234301186,"0.81687460853315"
"1758","sp|Q92696|PGTA_HUMAN",273485.749977468,219684.719230341,122560.17064735,165982.719117899,164082.991861144,114904.674058109,104055.617123189,169741.6930085,148700.187578325,116852.099569061,78758.8170505688,145627.583439641,118371.662745905,"0.675131667529578"
"1759","sp|Q8N392|RHG18_HUMAN",142067.718110107,133545.337953728,130862.8719007,134471.926994386,109361.180049858,114967.850675557,56587.5403570418,87097.0310504334,86456.5627897865,99790.1022429158,88292.6277853592,116300.996598099,121040.4042384,"0.71743900592403"
"1760","sp|P12724|ECP_HUMAN",115701.811983896,222228.371055164,109108.330889253,158830.586444563,47205.5858767256,52539.882135232,264387.754770758,418664.374044598,428066.755156507,108269.836382134,107012.30940959,505904.588024774,586587.968084503,"0.0796776876674832"
"1761","sp|Q49A26|GLYR1_HUMAN",74145.7508244798,51199.1977029023,65708.8326126552,130628.904718863,104873.703418678,97511.4845051287,49969.8766213907,185479.403350612,99331.5919890846,113697.250540904,153239.129976093,123402.445518485,127131.509591691,"0.848059211045221"
"1762","sp|Q9NZM3|ITSN2_HUMAN",3888791.51648252,3328040.40714704,1029305.89662267,683246.421562848,1088890.65460748,1091760.86058241,2590917.43880711,18821683.8418315,16699703.4086633,433184.497361668,627726.463057709,15719284.7042183,15872578.7241888,"0.126869889688085"
"1763","sp|Q7Z3D6|CN159_HUMAN",163565.198489805,113279.362040983,66026.3626055282,74858.3931276901,128977.577625779,145263.475455521,18073.3854346866,97325.3485081999,103073.704600905,33263.8637700469,37988.3074391086,81142.4399908909,83350.8932306875,"0.691709715625011"
"1764","sp|Q9UQC9|CLCA2_HUMAN",259014.216544122,320541.260316847,525529.639568223,398921.534742359,227435.716965938,168198.071732635,361234.451485208,148193.695412775,130666.40719888,133975.155267197,280316.599161667,188881.21395503,227774.815191837,"0.0534221635005071"
"1765","sp|P22392|NDKB_HUMAN",350130.783152437,444846.799548439,110904.64506052,147244.447377935,85603.638115084,83119.2986482509,172042.894956925,245196.329384592,225081.773997519,145546.468838614,160438.038424705,375975.20227198,424484.040053581,"0.930624466441789"
"1766","sp|Q9BZF1|OSBL8_HUMAN",171092.043737841,154391.935414664,189725.663580142,253063.920134202,149734.860615767,152965.537354489,43462.4636285746,211759.700750755,216954.215682819,165395.522723019,113483.907957485,263640.969251459,272575.714110698,"0.211399511867103"
"1767","sp|Q96RQ9|OXLA_HUMAN",11328.2880215146,8151.10331034734,5445.54738711931,10206.7605423392,28937.0126193033,25384.2738659247,23206.7678294886,139527.657521108,167947.602781993,189730.251675114,99051.8852437575,152963.436855654,126641.941242226,"0.254547353519033"
"1768","sp|Q8NBJ5|GT251_HUMAN",76056.1916273702,77341.9439024199,46127.0870622721,74364.9352872193,57143.0110542812,64899.0637179577,21677.9213214567,91331.6305484552,75565.0831246761,109963.040856397,111148.787972898,74099.4848800649,62782.4580680725,"0.77019450983589"
"1769","sp|Q9UKK3|PARP4_HUMAN",70170.820776057,90198.7813507821,78021.861903686,88829.6196331465,53299.5228986994,35673.7887304402,90318.2548081993,84356.4119949128,80659.9407435507,61461.7816503572,62310.9782281336,77261.8843294515,78687.8409841681,"0.375810567355871"
"1770","sp|Q9Y316|MEMO1_HUMAN",21507.9640551596,18694.9823301523,45814.7060103314,28929.2030459529,35728.5940419616,30020.5486421475,13016.2207985341,236775.274447619,230221.718087427,97022.6833667514,117452.507164033,70930.5926943311,94828.5153659148,"0.45568561262615"
"1771","sp|Q9Y266|NUDC_HUMAN",129370.552851586,126149.305208313,137010.379889156,162944.000239002,129418.695367955,137694.910184268,116062.329273457,208733.706174154,272926.257679664,260487.003210086,250376.389630272,132404.826732034,145398.568987813,"0.779619444373165"
"1772","sp|O15067|PUR4_HUMAN",134037.899824637,139657.536415916,58265.8478673785,65912.6863807195,87243.6153859179,82094.4910710688,101458.818871864,97574.2546744002,99251.2440943031,134963.201897245,110838.588171532,58447.5364189343,63406.2081228484,"0.19100724291537"
"1774","sp|P54687|BCAT1_HUMAN",110551.926138571,114105.127093842,84062.0467109179,80569.6255195473,67955.7626028994,47442.6066310853,25045.9699894005,181677.104971943,189361.185373833,230658.286942093,283190.776395197,358033.392355653,385377.919334751,"0.46511352090849"
"1775","sp|P09914|IFIT1_HUMAN",365807.329755467,399898.941182028,391690.60941488,419873.147590688,463196.039071159,482250.329809808,737735.727818697,515815.457184789,426990.699102708,241143.90692839,190159.000245598,111606.423488248,101589.746454193,"0.608314695749488"
"1776","sp|Q8WTW3|COG1_HUMAN",94491.517248916,78645.1910568637,75418.5382952076,83217.9410177703,68384.0988732742,82680.7933472634,202132.339264791,101359.32529462,119590.595777651,88417.7520424809,92421.1150123977,104878.086837838,91555.1300618107,"0.367739265024621"
"1777","sp|P01619|KV301_HUMAN",12766421.6058735,26708044.8814103,43885286.1113552,32506269.4720195,22490570.3290877,24550778.861521,8245779.72788134,13232712.2206763,11656723.6664432,23868661.8505047,24377732.1148803,8867288.80750779,9003353.47800625,"0.704322834310065"
"1778","sp|P08697|A2AP_HUMAN",150351.629449075,180098.757108416,397704.553717151,397352.115421136,310432.185557953,215048.61567936,159923.573199615,66193.1889323476,67905.0179606345,80011.8963237912,96394.4422713195,130606.995615011,120567.397857769,"0.52604565594222"
"1779","sp|Q9H1E3|NUCKS_HUMAN",52435.6906440344,3489.43455866424,59027.0108485797,97904.6480979298,6396.54113357178,8513.24995571108,14423.3342944839,115353.894154486,131306.290561107,10664.0059763436,6165.36002978556,191156.297401664,197337.106195297,"0.165018793133466"
"1780","sp|Q12769|NU160_HUMAN",46055.9327258592,64511.4559603834,59256.8763622786,40174.1644725683,69764.2559684983,71845.9246666633,38350.5894926167,171799.753315815,159114.148665584,42311.5298352158,46710.2190071615,173235.527882267,221510.402686852,"0.0836180558682459"
"1781","sp|Q9BSD7|NTPCR_HUMAN",157423.499236779,125715.776549747,154566.120084069,169898.035472801,189316.456576696,154110.023762364,239980.870243748,55247.5684979964,70668.558127914,79159.6100502265,82228.4886398864,245987.969417121,198438.009448602,"0.786173621292263"
"1782","sp|Q6DD88|ATLA3_HUMAN",289944.81105387,303438.960901388,369656.041017704,368204.458269928,483275.102675287,394897.087567075,307597.18478112,290637.826269168,172654.417411925,188059.201124198,168171.64129742,173690.087207585,168886.882677238,"0.533373386048746"
"1783","sp|P14222|PERF_HUMAN",5642.33311471706,4674.39586716779,10566.9428167676,373.39691767949,163525.855553807,123318.935687868,118518.482601467,3350.24452019938,138.346031683859,7901.52146950835,7005.51061954577,4273.48635011329,2218.4419941608,"0.263437414353151"
"1784","sp|P62633|CNBP_HUMAN",27070.4083375269,75520.4212802629,25323.7080583834,25056.2148583576,60192.3009753735,50374.131367682,55560.5631714765,173381.441900921,171827.586243704,151396.174540738,145655.783113615,77322.4931889208,98497.4396630477,"0.601223426941747"
"1785","sp|P11172|UMPS_HUMAN",105602.793825486,109907.04542884,105417.596856631,123470.801611453,80738.4711943247,77199.7272720875,65864.2530946259,325270.601102585,334186.250344215,136302.285801934,129206.603559758,411509.922436983,448720.513810098,"0.0603381951405502"
"1786","sp|Q9BUQ8|DDX23_HUMAN",26539.3493122034,50861.8057500351,25085.34159536,24350.3354865978,72645.4511047291,49267.4680272057,422.963544614751,123386.998352308,120782.657891943,82896.5856802396,101597.422236922,50449.1266196548,41047.0550317382,"0.756591655601544"
"1787","sp|P04839|CY24B_HUMAN",437706.523231585,690852.630927758,152033.486185202,148892.77005908,240851.540043916,125348.284999188,328598.95269857,715758.111514435,508519.085749449,463737.248126173,183517.635697392,284997.537626049,463720.839646357,"0.681981696550433"
"1788","sp|Q9NZT2|OGFR_HUMAN",77413.1456671556,80052.2506193017,107570.682859431,85014.1664539347,100594.172311363,100315.215023416,25951.2146048447,78888.3734814353,77839.9471048904,74282.3819689087,64254.7589013416,33680.970789478,43565.1982309047,"0.323929054063472"
"1789","sp|Q96IZ0|PAWR_HUMAN",32805.1583054209,43657.776474961,84959.4983885999,112672.844086685,71870.7553111212,72166.7346631244,79531.9457060982,39758.8504251235,67257.0742137396,53940.3759016248,59854.3321096631,115838.177057374,55948.2931341337,"0.277522476225986"
"1790","sp|O00391|QSOX1_HUMAN",270738.127147599,259863.517655317,422114.89433787,452056.972105427,470304.97543123,486872.800537444,144989.65545855,288267.924358805,366653.543787915,546038.80353787,663124.915733717,320802.206612336,281784.662433258,"0.901208345091528"
"1791","sp|Q8TD16|BICD2_HUMAN",19166.958649513,25666.8214209825,26949.2970594582,18818.709032945,35828.5324847212,40234.2815667778,33958.519455908,124499.446496421,85991.9970475329,44786.2136787792,30251.8187953567,35924.5025281601,43198.6344235934,"0.0944682105261399"
"1792","sp|Q96CS3|FAF2_HUMAN",42431.5055444754,15992.1604953977,74619.6996333417,58779.9238002625,65323.4219865098,55197.7384363907,29225.3154133971,35655.5782315999,32107.8473244921,156698.890421377,147186.48537853,60897.6938624793,50885.4842369686,"0.938719329044651"
"1793","sp|Q15121|PEA15_HUMAN",256692.192020514,187652.263455519,192771.845609037,248572.450866206,142251.733912363,135239.024184679,314005.74837137,175989.033075823,168804.449848312,65798.2250790742,102420.835383603,228985.723853198,216763.746100234,"0.818795924813226"
"1794","sp|Q6UWP2|DHR11_HUMAN",51582.4397173703,74598.9892579177,47309.9301488458,65613.874600166,40545.5167428717,25439.0407515575,87362.4405820581,36869.6289319012,15005.4562873256,10176.8791133506,15185.5148862568,20972.0439576605,14745.5234367057,"0.499642106728212"
"1795","sp|Q9NYF8|BCLF1_HUMAN",501.954081055964,10367.0779963748,2443.26382026497,11089.1366472835,7695.19730446419,6178.34846990484,4636.56492552779,45060.6946538245,16215.565721488,13069.1671188356,13240.1733542139,58706.9331866897,58962.5602311765,"0.104731980731116"
"1796","sp|Q13033|STRN3_HUMAN",152136.677849143,148383.331656011,215534.863210661,198374.529479349,122347.25865528,156563.323288299,488502.332040404,79291.3712527197,81975.3028858217,88791.829840184,105327.372390412,82678.4576210531,81294.0664579958,"0.323909133073859"
"1797","sp|Q14118|DAG1_HUMAN",21264.1223208484,25623.5592418178,59068.9055749493,43719.7523262117,53875.0105533071,62713.7022203469,21387.6182547584,18299.8286411769,16815.0636453287,22565.3449799332,16608.9328128419,21543.1047261184,15938.5852963156,"0.937775567505869"
"1798","sp|P47895|AL1A3_HUMAN",17661.0018867533,62609.9173914999,58940.6955390416,62385.8567310104,28597.9165417409,32044.6002587408,98869.2133532154,28042.9018020944,28772.0528897645,59881.9047091065,50887.5645847359,38388.8943012633,37761.4502629181,"0.688370135949179"
"1799","sp|Q12788|TBL3_HUMAN",16470.2879099382,17180.1381549049,25661.6264311504,27940.0449767088,39402.4740292643,36321.0844804432,26749.3223431455,173452.221212867,167141.828451678,69739.0930452217,79592.5866558282,90996.0220834081,80551.5031421919,"0.32472122432258"
"1800","sp|Q14139|UBE4A_HUMAN",60390.8622030742,143903.046145674,163540.438712173,123124.314609054,102883.771945662,134805.066385179,97928.7709426448,190097.436876808,171772.775254291,118732.020628759,105876.770533015,143548.542313254,151418.701772627,"0.197260367987562"
"1801","sp|Q14669|TRIPC_HUMAN",2246.62432102563,2195.74134909444,4330.91264742279,1569.85360649578,13530.0554682656,9347.42137040757,2081.16716088874,49747.8845614548,25253.8257776163,28309.9432048566,25494.6382752851,36399.2661725557,31489.6216356503,"0.404052020798735"
"1802","sp|Q92609|TBCD5_HUMAN",110484.331708323,80210.3865805025,80462.7962412475,107362.249334264,109678.087414836,98556.0022528463,79740.047042469,208938.185193984,215655.503971564,302598.930763861,346592.529135178,153221.01130823,122722.431542911,"0.997986520458083"
"1803","sp|Q9BUR5|APOO_HUMAN",161577.283738918,251319.378470434,103713.739496886,156533.197080495,168288.029792185,142520.750823916,121772.656391875,161134.531234277,172315.345559182,229849.76136074,204028.693394423,151071.193229169,149735.325298924,"0.961950628477363"
"1804","sp|Q8IXB1|DJC10_HUMAN",55308.3461503305,63364.302523609,73841.0527393775,73779.5344916522,52026.4293900261,64761.6044472292,36680.8473144802,123392.374943008,121788.687542401,47085.5124198071,43238.0289087405,124089.319211977,150881.655605771,"0.0938685281882869"
"1806","sp|Q9Y5B9|SP16H_HUMAN",58779.8580723497,88340.7862496497,44124.880608804,32822.6926353203,37177.7231406667,26385.9107813688,2038.72896417698,168950.293311892,171103.608135419,262196.69470308,237005.054492798,97828.577053996,148867.774829169,"0.760253140360443"
"1807","sp|P51178|PLCD1_HUMAN",72963.6324861206,73831.6866917788,183681.925453697,138441.911894352,132561.389696683,127116.951194463,35614.2010327921,38700.9058336318,46573.8766788719,48376.3491800151,53649.4574667764,25267.0824668415,19096.83314852,"0.164443194379409"
"1808","sp|P26572|MGAT1_HUMAN",13747.8674874694,36349.0609507593,43988.1030420569,47676.9261878757,26224.7514990274,23441.0770675512,65891.5674221851,36108.4945768828,30611.2599512271,21137.8665129036,20264.1099290543,66115.0836370788,76367.8872045913,"0.0942937220419566"
"1809","sp|Q6P1M3|L2GL2_HUMAN",83298.83353087,78254.1155677355,149158.81095743,137251.382943758,143010.260367612,150581.579244778,53693.6596036451,21718.0099864642,16660.9890980223,25259.2122286826,32290.5541988946,15495.0013118825,19327.145639653,"0.389788413021887"
"1810","sp|Q13308|PTK7_HUMAN",31538.6045277309,41427.6231928899,135296.150692712,101536.231907348,71188.9658649131,80167.4802869488,144549.606280009,130086.880903808,120470.08483095,112188.125164944,118578.952795769,94534.6251949185,110485.914342128,"0.557631877467318"
"1811","sp|Q5T9A4|ATD3B_HUMAN",111918.111437666,61061.2733991269,20659.5066787727,27772.3636535167,32502.7370776521,30700.4889048417,21694.3326288634,55922.3640084573,64658.3593502558,32922.290463069,45902.6874092774,55304.6263365942,43727.6382615904,"0.523943336926829"
"1812","sp|Q08431|MFGM_HUMAN",196038.946363739,193715.965368467,324758.761834002,330533.031026096,391191.818977079,476399.758810088,845251.5391159,42420.5900310326,56828.6083510695,240463.325936141,245705.700602227,163420.051149636,142532.044093624,"0.29204095358302"
"1813","sp|Q9UBI1|COMD3_HUMAN",159802.425210065,167243.721612526,217539.17426651,194081.084020411,157097.139836937,134381.692328243,113383.16947507,287596.041368304,287826.422626349,69918.6682135126,76585.2540053053,229743.039020271,277956.234592526,"0.334750757677916"
"1814","sp|Q9H8H3|MET7A_HUMAN",1409582.27689632,1677506.76367014,2297048.06667678,2106250.82890161,1348627.49912429,1478017.67322796,1660546.29833052,594539.014597193,631497.64336339,1075370.0368931,800978.185738068,1115959.81113678,1103313.04354565,"0.692471568606626"
"1815","sp|Q86TX2|ACOT1_HUMAN",350269.447165879,229203.873961014,96865.423133752,104082.797142664,127174.863005474,191310.528484087,64885.4801145976,166846.914992568,94829.0084487839,166582.56584614,188016.381653347,50080.6876930223,64384.0326930505,"0.280522558742241"
"1816","sp|Q9H9E3|COG4_HUMAN",6297.04706189093,4510.14117558473,2512.46187638916,6480.1407911648,10372.7921414118,7822.20574989168,9386.49361666672,56149.7958826936,51608.9181096033,37365.7815798646,15278.6158654388,21951.5998161751,24486.0638946593,"0.0620773072739457"
"1817","sp|P55083|MFAP4_HUMAN",152161.844567791,131140.042274755,269651.311366586,219682.678046077,451248.588921465,414392.917233191,122133.857203067,17127.1882425556,29800.8085961558,1400926.96239824,869281.637296962,108638.235196795,38072.0524795557,"0.966093050387362"
"1818","sp|P36959|GMPR1_HUMAN",411194.733341196,418302.971995819,197489.997195202,199200.016062731,70759.7120095252,100167.827270411,558339.510747491,12097.9841343407,3068.04451855476,8280.2338963065,7737.5553378961,19184.8388486973,14900.3965222656,"0.504583195158388"
"1819","sp|Q9NUB1|ACS2L_HUMAN",96337.4819262354,125209.287681174,77563.2036425028,94611.6215452249,107145.118095586,90709.2881861382,178310.838911318,51723.0665181828,60887.6852522298,71630.8609952509,96990.7200204352,85410.6756686403,97290.9629534768,"0.117559092760507"
"1820","sp|P98179|RBM3_HUMAN",6687.81258528802,9682.87591346884,10719.1810309156,6123.67856263758,27299.1488468675,28775.696637123,36463.7483360276,4228.39463159087,3974.64056680256,358.963854099446,3486.29541375045,139984.832346779,134679.783096231,"0.194541141184476"
"1821","sp|P54105|ICLN_HUMAN",185050.530826606,200535.170762064,116284.089025264,140710.377028652,90445.8064610176,105424.07075678,771264.108979886,304925.07280592,246011.453913306,109291.10983261,96715.6525647717,132421.950675897,140353.912138405,"0.944849985559883"
"1822","sp|Q9HD89|RETN_HUMAN",69328.9890463473,61363.8628036931,43299.9300243875,29152.396066363,12241.7468164573,16088.6156964695,48744.2964559876,397069.5594418,369023.116870475,11835.3558607573,4226.57983361631,99013.6057623465,111486.58226079,"0.315061308264838"
"1823","sp|O95433|AHSA1_HUMAN",102327.09835218,130187.851437677,110099.045907269,75472.8785676854,131395.577267452,110595.018846993,129328.572758136,337301.46982464,364401.92624954,338124.212177871,324013.897063522,209139.120006608,227213.734206069,"0.602062560391863"
"1824","sp|Q9BXS5|AP1M1_HUMAN",57919.5747608967,51530.010217036,65490.0091245563,68150.42554589,42712.7550677584,35546.8762582638,46910.4416821957,57979.4133612163,48307.6552885155,82864.9237273336,84313.2195713131,115420.36874793,130546.703581926,"0.345359778028637"
"1825","sp|P68036|UB2L3_HUMAN",2002822.78888956,1325752.95703485,1513434.90982483,1349138.88296925,1001517.75652486,756286.366711222,3189146.53158054,1328381.20567033,909695.228809453,786842.511034269,534491.131178847,1217771.91860232,1323139.43158776,"0.742766658327311"
"1826","sp|P04208|LV106_HUMAN",1779261.30283889,1610692.92077141,6670179.16464108,7338620.20693101,1784307.5982834,1794440.89429478,7885160.78793329,989317.543203002,807765.685538422,2994208.99557324,3156977.66359501,2925662.59481433,2754109.78361238,"0.94868290659343"
"1827","sp|CYC_HUMAN|;sp|CYC_HORSE|",1554010.01195923,1648873.46869559,1063817.62369988,1221532.1735575,1399638.32739714,1234731.09472556,812281.930814805,1419063.15623996,1508341.61493211,1972466.59680626,2118191.2812663,1248377.76293413,1260578.68359335,"0.590230292442515"
"1828","sp|P62280|RS11_HUMAN",384570.349102361,352056.652274407,299058.563354136,324246.888655055,475160.475249307,488958.601713272,302379.796698852,618627.491325355,562045.717176965,822240.605429747,882754.067591034,777244.711038451,806148.589403186,"0.680745315986955"
"1829","sp|P57088|TMM33_HUMAN",367900.88988331,525061.878339263,287791.259361143,349686.76187341,230757.770567402,234441.538497206,442321.999780062,265154.811615791,375529.669201421,413289.561423137,389860.65425708,254005.738973242,300465.997267837,"0.359316404558066"
"1830","sp|P22528|SPR1B_HUMAN",29792.424945957,28330.347600844,45923.5887889213,41087.316155745,70991.6708968677,57519.2136158219,35805.1433708533,7574009.52303833,7779502.43653544,89380.5141493306,58221.0604667228,1238887.3381692,1349130.55583207,"0.227367358410548"
"1832","sp|O00244|ATOX1_HUMAN",237204.721496713,239920.216396775,469463.777303088,376256.852227484,497962.314164058,501387.345227316,276230.337034218,574792.252802657,638099.487922217,618880.11349955,604063.023573044,456417.157281059,654722.94437774,"0.51401740336834"
"1833","sp|P37108|SRP14_HUMAN",277720.687665787,259398.3515009,214621.881845305,156321.177432531,1101893.76442421,1111230.35394062,260078.51995393,1224600.65436361,1151804.62126108,959878.109191476,821492.327042831,2036905.72682271,2618100.93374548,"0.0905766852895504"
"1834","sp|P30511|HLAF_HUMAN",14913921.1517538,16133285.9943544,13975963.9362097,14557752.1449485,14523058.8672136,15123279.7786969,7118426.80928462,14136810.5711573,13475503.2456045,11674888.9486164,11224279.5349089,10009288.1236262,9336811.01422871,"0.475355216729998"
"1835","sp|Q5T2P8|AXA81_HUMAN",28437.030902324,30413.5848629099,44763.989270777,29803.1834951185,16405.0530504921,26467.1870873601,12307.874430585,8231.16346183719,5405.07356468051,158188.105268764,117350.591758132,24220.4170521033,20007.1271589558,"0.897206078074522"
"1836","sp|P60033|CD81_HUMAN",5171429.81422845,5897774.75139303,11194510.9044696,9636118.03156907,8207120.25852631,7222020.075029,8065706.96673996,1909781.65682172,2174238.07374424,4907157.03446365,4383131.41597045,1997093.7812957,2868163.94468562,"0.0899113570828237"
"1837","sp|P18031|PTN1_HUMAN",1943098.29877649,1943538.31164041,1304122.11784627,1365260.22610061,1310267.63481537,1255505.49929745,1580478.29683201,639523.684639891,748228.062915787,1076554.33589844,1003046.10684678,974828.814333674,1122556.30241334,"0.485986595094212"
"1838","sp|P24666|PPAC_HUMAN",2141909.01413174,2169731.15153233,906819.421841807,1014054.33361677,650834.444140938,598846.188296121,3373456.61410869,750387.271516074,684881.397502208,413845.979193091,473028.760141545,558277.149651212,496818.702536771,"0.520328450577488"
"1839","sp|P59666|DEF3_HUMAN",835602.017259296,628421.438959733,557150.302996895,449983.452360869,52323.3122706686,54182.0676476088,644180.872887149,1913266.40364092,1969308.47354846,498255.731481833,539081.392105747,143379.92779364,148841.034269116,"0.943363879989583"
"1840","sp|Q9UHL4|DPP2_HUMAN",242325.967354307,292573.294057843,408212.890795944,430129.403269019,264287.540628362,282701.150140518,76117.5187101094,163190.478334985,216997.941045353,342175.049607102,301014.595042109,377186.714616235,339090.103450771,"0.357991414074192"
"1841","sp|P11908|PRPS2_HUMAN;sp|P21108|PRPS3_HUMAN",2194436.07467822,2524969.73180912,2668960.50366514,2705635.44663952,2205997.93639091,1853119.78745013,299818.94106081,1494446.74684166,1673328.11220168,457240.586928066,528756.176221618,1279410.05668116,1178169.46664205,"0.755334299117117"
"1842","sp|Q9UBG0|MRC2_HUMAN",165533.60190711,153851.039073494,205638.319675642,112622.780893807,572785.137249622,490700.560294661,156995.422495769,369108.00806408,403212.273247275,378185.864832536,529199.371546607,312996.539447198,425833.8385462,"0.789622863968693"
"1843","sp|Q92542|NICA_HUMAN",274378.151922596,297214.843014321,206476.962026039,191319.889155838,378596.86571103,381831.209212438,157132.161349729,682074.035435991,647230.259920555,249353.928561443,249026.68650186,294663.919630317,283657.443454451,"0.339602152340582"
"1844","sp|Q9Y3U8|RL36_HUMAN",327670.198506266,360943.415274116,655489.541120467,707398.49390353,596465.590465194,573343.832244676,314406.617230737,93655.1836103088,98129.5165838198,783546.818913217,892578.636499995,421911.888234632,316488.907119176,"0.774860592700165"
"1845","sp|P84090|ERH_HUMAN",265891.705740495,216125.635673557,341103.935942177,428720.301240224,461223.586502907,429157.834006596,71087.9318763258,1430542.79710182,1063417.08912723,565030.529853829,633284.80844863,826585.225451088,903157.551653228,"0.268002712325218"
"1846","sp|P01620|KV302_HUMAN;sp|P18135|KV312_HUMAN;sp|P01622|KV304_HUMAN;sp|P04206|KV307_HUMAN",13605682.4542315,27657061.7046076,46988286.1394308,36286068.2478358,23297406.9328217,25238200.6696436,9878294.02692394,13808047.5346187,12235426.2598127,25511794.3691988,26043836.1083434,11016934.5790248,10870715.680852,"0.748507225675969"
"1847","sp|RETBP_HUMAN|",226906.4450444,167020.522888173,223583.656078628,177888.609460651,324047.894235286,364492.508885601,667714.832311577,68504.0589491204,91690.720736629,107941.718730592,104146.000571392,89308.9237880729,121829.067725129,"0.493039431074579"
"1848","sp|P51692|STA5B_HUMAN;sp|P42229|STA5A_HUMAN",81541.745815589,89297.4632248241,118715.383863686,125563.24608276,140511.909280537,148010.222584938,92229.2135020189,180749.304203771,178261.867053262,141442.224500167,141753.64944292,112086.249212554,149122.285026552,"0.460894779839455"
"1849","sp|Q15118|PDK1_HUMAN",47823.8834404122,38197.5485166518,40542.4594371001,34895.3147230266,51318.2673295973,47077.3549325728,82630.9636501512,163549.20121828,144697.65111101,387224.009688493,473980.283970319,189549.503692122,236178.669574486,"0.925196313833548"
"1850","sp|P08253|MMP2_HUMAN",37543.993275649,42131.0971244689,156476.030786493,146722.852367635,37650.9446188275,34939.3428122206,26312.966454808,148654.526917202,122556.30090096,281602.349277315,287781.044074203,62164.1119149019,71309.7282593932,"0.987970221912013"
"1851","sp|Q96H20|SNF8_HUMAN",48138.2924989173,42543.2624788852,78600.0914191463,89028.4148840145,89829.1653389417,74116.0113145783,73367.9193304047,89425.5406260167,86976.2943488147,56232.1671528786,43193.2831780711,115622.467023375,113054.589829717,"0.0624385693268013"
"1852","sp|Q96DI7|SNR40_HUMAN",71715.0161916128,82433.1664356935,56151.2087294074,66622.340425848,184224.565232001,143531.665675098,41481.0532109017,285804.60130836,236268.263033775,217095.557553922,198639.539022555,170220.876744049,177735.487582728,"0.48960428472465"
"1853","sp|Q29RF7|PDS5A_HUMAN",112343.711274565,103253.642140785,106388.046757736,106341.698221883,124839.957246819,147510.51475535,109823.660358665,176989.798115082,159875.718963648,302242.77469902,195606.460189786,168103.002804211,187829.421869239,"0.431648531732396"
"1854","sp|Q96SQ9|CP2S1_HUMAN",138427.807805997,95684.1691414847,198916.993913732,191770.602642919,82432.2117196847,94369.3029791277,176097.48896672,295850.695031292,288750.631501254,91213.1184407718,101954.773132062,239210.113392365,246045.552157743,"0.160247824169607"
"1855","sp|P0DMM9|ST1A3_HUMAN",690185.753749892,654911.490067345,719399.429872765,769970.408462467,855225.274868654,827295.906913755,68719.9973313287,93107.8289896432,87347.5989439467,90593.5379649536,90244.3309408975,112078.068802747,101405.798672518,"0.506504021946239"
"1856","sp|O75569|PRKRA_HUMAN",149846.752401041,183541.965846662,141067.570319831,100729.00766366,109325.742676821,104227.310437741,127650.472824514,149267.842827512,135599.837878801,158613.734792589,140376.659301751,183640.626452746,145239.123865974,"0.476428697646655"
"1857","sp|Q13976|KGP1_HUMAN",87492.5096977291,116643.572775062,227884.647138067,209690.13167112,237763.176175847,225007.354139095,118271.197004723,95705.3839331375,108295.572227413,151291.877655401,151498.690999168,41030.1015329049,40730.2884857402,"0.649943929016152"
"1858","sp|Q9UIJ7|KAD3_HUMAN",190472.738435627,216030.556931812,144015.284774954,133222.200528715,321670.753505207,413506.814711819,173638.482393307,226199.681142345,394585.212336057,193631.96782334,184665.508040313,196873.299476297,309904.744716984,"0.175676468561576"
"1859","sp|P01920|DQB1_HUMAN",77272.8008286344,59590.3589143629,175140.249549317,157422.352862335,253144.616907497,207686.978710007,1114272.47789955,43121.3303450094,52307.6534753161,176673.470117338,182757.925072315,52685.9748207746,73117.648455215,"0.751346702632045"
"1860","sp|P49406|RM19_HUMAN",131817.156655337,169671.628905263,162317.443854346,246670.358603407,127761.280522562,141626.853233849,110220.117080575,237866.652661864,225645.8567446,197570.336809777,238757.955138387,110381.834244177,133155.910166128,"0.951961305248963"
"1861","sp|Q4G0N4|NAKD2_HUMAN",25995.8871505187,18132.2151913077,17891.1933966967,13534.9188989253,41281.9472314035,39351.7468627935,4637.55251239437,86433.9903061814,38610.4922637945,30035.8762152869,80187.2971447621,47961.2378881755,48480.1441402269,"0.906982870441079"
"1862","sp|P23743|DGKA_HUMAN",11767.3522510886,25569.0583987113,18490.9500191804,15185.7440548153,43726.329744208,58261.3667207683,9283.40131580403,312716.807319201,260352.40068691,171312.358777155,166196.566648889,214631.195844054,225519.249328153,"0.357643757721817"
"1863","sp|Q06828|FMOD_HUMAN",143091.179931248,115267.576919347,456579.71750099,345477.098073409,425163.507363835,382121.833476351,221854.454799704,105312.533797373,94999.6915703749,2063889.2958485,2059563.95708107,110972.912332683,106164.639130594,"0.864739142060953"
"1864","sp|P07948|LYN_HUMAN",282689.364109999,314838.893034412,221392.589783994,167650.237673439,242368.24460271,288052.830753383,224085.681200194,496310.001541339,523627.760712741,367576.15841877,389254.412066118,364549.680893635,261855.299945967,"0.561843893874985"
"1865","sp|Q04837|SSBP_HUMAN",161802.107960508,179936.435237369,115278.691807987,146361.550035715,95901.3113380928,104743.47121729,391392.268728404,471057.938154065,308992.96675368,69897.9044062214,65586.593599331,293764.722736915,241871.56433966,"0.322638468361794"
"1866","sp|P48739|PIPNB_HUMAN",631458.697656602,490776.787155172,642587.197407871,430407.721343471,591663.407519292,678087.04508957,207085.066897352,562076.3117746,514600.965945462,764342.388487348,851740.077887446,316277.162629198,312696.330965451,"0.306996562096636"
"1867","sp|O60547|GMDS_HUMAN",135211.712417154,157555.170632684,107818.88821151,133997.039441374,45349.6376195269,50421.0553400622,225299.300808001,126287.680377041,125783.495767268,154396.136449401,126630.330104743,88651.0111300611,116047.325133482,"0.484480381231574"
"1868","sp|O14936|CSKP_HUMAN",27126.4145987105,43225.064852093,60924.2692457031,49408.7458032764,37724.0647306556,45046.7797517626,8311.12179733629,124571.055935033,131274.190589628,122662.743773663,133170.548460954,88497.7749747671,113875.88233644,"0.605254129177615"
"1869","sp|P46087|NOP2_HUMAN",13250.5315459241,14933.6833397141,6426.02632321058,11572.6072267475,22584.9654513886,14661.7165727887,4120.00653329703,103374.772898763,94669.6870778803,111407.383138388,102575.208599876,33306.3160747678,33608.1058071994,"0.768590690488834"
"1870","sp|Q92538|GBF1_HUMAN",14643.3337070161,13173.6012882111,45525.2948274414,13187.1288713743,44153.6227748542,40953.6491822456,6733.72833847205,77405.8835947289,61539.3269831009,200023.56029623,166942.400907633,31354.8291781607,43831.2328941377,"0.91975574687853"
"1871","Int_P61626ups|LYSC_HUMAN_UPS",1239808.04436937,1762828.70277144,756011.400059169,1525955.38939797,701927.25901442,638647.771046979,2891051.52652261,932896.493322318,980382.195533,288705.566358649,192919.635210355,394303.278275111,760123.18766057,"0.776166014364155"
"1872","sp|Q15109|RAGE_HUMAN",785908.26904654,739636.161499318,2068426.04182109,2391805.69852981,2450936.07236612,2373645.12001119,456847.293385658,264602.586946074,192024.979866088,255542.593822352,278484.765611732,129013.171188642,102986.518042875,"0.404533803465545"
"1873","sp|P28161|GSTM2_HUMAN",16657.4451136308,14941.5216763784,32044.5268048641,41800.9803557059,14973.2297295877,16265.5053446276,17347.4378363493,21156.1542035921,19977.956245791,18183.8062462362,16233.9519944499,8178.33539890822,8645.17794840906,"0.421300687861786"
"1874","sp|P15428|PGDH_HUMAN",6012.54569796299,7269.14944425338,46936.3399093989,82613.1246356659,203012.290986891,226144.560750022,21477.3284328155,8699.98782855059,7822.87012779844,8089.93183226638,10822.0584072861,14864.5937947288,18484.4705485614,"0.347729216323112"
"1875","sp|O60784|TOM1_HUMAN",439750.752425446,558011.388999694,488746.822189844,510590.215971646,508901.256076986,489129.783099118,329443.97229383,302096.934317778,308296.851604501,460139.43331539,444815.833240736,293627.326246489,317037.886797572,"0.0981016600296786"
"1876","sp|Q9NS69|TOM22_HUMAN",29873.8291962256,94112.9714796033,158234.043727066,158190.329353767,72337.4274444331,78137.470107943,59477.5972594944,239389.692386974,235996.527940064,91404.4498936075,116109.694690979,325019.332379398,112128.003104069,"0.186655933645319"
"1877","sp|Q06203|PUR1_HUMAN",4952.70017044202,3151.44336539287,1114.09730644543,1466.79897040997,12098.7732825859,33862.2954199959,39825.1194201003,110097.762889049,137998.754241701,72570.2769304469,83342.4536181425,39327.8568872048,50868.206081376,"0.552265738832008"
"1878","sp|Q9UPY8|MARE3_HUMAN",56875.5163436791,78808.7172709316,66594.1497723083,29721.6684303153,80735.8371350354,53695.0353556862,23556.0751973659,39351.2904420575,29431.8937285816,64096.8001511899,83984.7479669779,82393.3018696998,88407.3237987838,"0.968131805575909"
"1879","sp|Q99729|ROAA_HUMAN",47462.6165816058,42386.3529185676,63682.9101368391,75964.9843438956,65754.6530555078,67666.4723016693,28392.3456336248,105886.226446803,169686.120031685,139858.049911221,148059.249665463,71788.3810284128,49848.1658404413,"0.78483946983925"
"1880","sp|O75400|PR40A_HUMAN",132393.449014807,150080.924137047,46489.8062218682,42877.6029988607,108344.707024704,184373.449901242,22112.100276318,106721.632062141,114287.986325239,156269.546293811,161797.746507598,248932.391157748,231994.288018383,"0.277369508798413"
"1881","sp|Q8WYJ6|SEPT1_HUMAN",51787.8513773992,49986.9843771415,46222.6596256749,27040.8235302517,57254.0381651351,33407.4185106871,2991.18699680839,55399.1928597773,65240.1337548612,140600.068579631,119260.031029047,241870.944055055,219393.560160099,"0.221541156622776"
"1882","sp|O75494|SRS10_HUMAN;sp|Q8WXF0|SRS12_HUMAN",155217.192481506,160191.191891795,174768.751293385,147970.634535054,184309.161646485,167536.053597432,164629.986251041,187743.132471187,184044.92325251,107461.180560909,135275.503544778,257223.515514525,246341.155727837,"0.250608920529672"
"1883","sp|Q9ULC5|ACSL5_HUMAN",150729.033811605,173414.461099355,205880.961865837,173809.800026388,248032.028590243,246637.718866298,151630.551852652,43487.2843137598,48264.0156070336,92067.3159282496,104364.498008958,36339.6490454454,25975.4319127223,"0.141206339165648"
"1884","sp|P63151|2ABA_HUMAN;sp|Q9Y2T4|2ABG_HUMAN",121517.054425098,113099.369896967,157137.381900429,215287.09274793,212893.460833702,249016.574243928,163286.48028034,509797.327254529,385671.020940693,208043.089857723,245985.008292554,633339.494057496,476937.160060994,"0.105726883133966"
"1885","sp|P42858|HD_HUMAN",65032.7737452486,68544.6197188186,78852.9687219487,81214.5556209279,90277.836544206,90923.4231334852,67631.2061163908,179186.731134471,208368.80879221,97347.2639593452,107819.514170484,130046.666328326,115630.75877506,"0.219930131019525"
"1886","sp|Q8WW12|PCNP_HUMAN",328548.794870067,297852.334626119,204109.745069097,186625.010016721,241662.410225541,234913.037580085,233996.135841339,161673.020102137,183719.352117911,211322.416292407,144059.469147299,196428.595739429,187835.901882849,"0.674971546198831"
"1887","sp|P61225|RAP2B_HUMAN",344773.671407822,322631.16455767,300273.599164654,343163.957229498,57564.6766416674,84688.0931032521,1455911.40133853,156938.349423081,63713.318835426,7880.20062213233,8577.09332401723,79195.732939139,72142.5746029057,"0.579567890316242"
"1888","sp|Q9BQS8|FYCO1_HUMAN",7519.07687170405,13986.4891033257,34098.5993570825,15940.5516214773,102451.632479503,91139.18766333,56407.2558168564,18601.382541971,26440.6675728897,25821.653523545,35322.3277794876,29449.786829458,33239.3817686003,"0.645792733120611"
"1889","sp|Q9BRG1|VPS25_HUMAN",191310.736620399,115049.801419417,76205.9700334465,79824.7128310742,119918.913855528,116687.129051027,147573.181143273,151103.413900521,141781.195645192,49095.46591062,52199.1808476956,146871.795926667,185277.572782311,"0.940093654423913"
"1890","sp|Q02153|GCYB1_HUMAN",41251.3752448881,40579.2115617755,71583.5209820564,61948.1174788233,162195.945670472,118101.612944041,47454.3623524738,43050.4499137728,30916.4391358637,74081.658474373,76860.2943034737,41303.4329494451,38850.6211262609,"0.779482707288623"
"1891","sp|Q92804|RBP56_HUMAN",206222.505981143,155390.545281139,78150.2198197093,118033.170558751,492663.16626336,55283.1538858543,285920.094109376,216087.783689453,214623.928900543,361815.113207012,159602.346354662,158690.961715044,341292.646565077,"0.252563583873739"
"1892","sp|Q9Y6M9|NDUB9_HUMAN",86477.7451913554,80895.5020527843,101673.880930777,159452.115539577,159929.738417859,155941.46698661,152115.989694699,214969.75635442,209565.157108596,291722.404016604,288179.133842674,337324.517223077,302592.511330279,"0.50354138941298"
"1893","sp|P54802|ANAG_HUMAN",43661.4796468616,46238.9809090355,16588.7488089837,11590.7767239986,24663.5935614831,31057.1180359274,7279.00985444472,109067.447888349,100170.169331858,33926.142687496,38358.7622684643,42672.1290719247,43699.3483777941,"0.434734648971378"
"1894","sp|Q07507|DERM_HUMAN",1056962.51964713,1177997.88698858,2691501.31203623,2049332.52190301,2092191.1332493,2078627.08569551,5814538.19793476,95856.1617300993,101490.57023761,204004.611638894,227817.261235032,466508.235059823,419343.661817507,"0.544165143305715"
"1895","sp|P01593|KV101_HUMAN;sp|P01608|KV116_HUMAN;sp|P01607|KV115_HUMAN;sp|P01610|KV118_HUMAN",2260403.32286723,2615445.56707054,4217467.52198111,5612831.4025976,2916751.90797336,1986214.084858,433897.06235302,605321.531193283,668729.433700687,1557297.2217324,1583996.40424764,2218641.79976964,2144029.72316435,"0.566016193743095"
"1896","sp|O60234|GMFG_HUMAN",481249.005172543,744637.621154353,515322.373431345,463323.525209212,604568.745884924,601832.89473813,384700.560786806,557877.314847713,715636.741932277,1049957.97115492,1136876.86681615,775253.490801473,567944.639672839,"0.923601919586407"
"1897","sp|P09234|RU1C_HUMAN",25479.0541351926,624.640467406403,69246.5749577072,46153.6638340453,109713.641779179,128808.648832148,39275.3225824508,218496.999248107,214524.747956578,166959.913564036,64452.4202615898,357251.837043919,233162.460727534,"0.0258439948518209"
"1898","sp|Q9NZ45|CISD1_HUMAN",441793.900621671,419869.981795591,328715.245270562,250353.658360517,312850.362804534,338322.391878965,201939.320416356,324082.932715429,289552.282244904,529859.458603355,654532.386269252,516799.494132522,460719.339211178,"0.689223400106349"
"1899","sp|P62495|ERF1_HUMAN",276408.593457999,303097.257904027,366638.923607977,338900.945349575,489339.293245354,361879.438488414,199108.893413126,192683.598290699,170122.998988436,544015.93323531,608110.359697494,265375.459913826,330920.400615854,"0.78977006834709"
"1900","sp|O94919|ENDD1_HUMAN",356346.680733079,454789.804986131,592086.574558804,436704.425984211,332536.763944705,334204.326821554,444016.297287394,117020.757105474,140244.279447188,175135.801021588,183361.408545823,183241.688674354,183508.638507571,"0.463183037293256"
"1901","sp|Q9H845|ACAD9_HUMAN",203776.607998335,163055.023961445,118768.115197054,102363.826076289,140424.123037541,131339.604042871,85188.7327830759,180699.318003215,162744.541253662,147061.685652744,123443.310804291,126274.08455258,114631.734935435,"0.602608438389615"
"1902","sp|P15374|UCHL3_HUMAN",630703.486386495,446656.253727016,236068.733171449,153380.225770425,230319.915168178,192341.81183985,333500.406797723,254141.227700245,209643.757652233,297617.392029485,234085.330974398,295222.836062318,303005.312152819,"0.55857871048882"
"1903","sp|P61011|SRP54_HUMAN",142289.725693781,148287.064880778,158282.243365312,167396.030330611,142826.962925412,144864.944626324,123974.047669741,135284.979246798,148052.283480825,271585.23514719,288935.5051569,221607.75249476,164616.596724333,"0.971559236618417"
"1904","sp|Q96PU8|QKI_HUMAN",416683.283304455,444472.7330438,535696.985757502,543985.432731806,690855.897968687,744732.736789931,371097.588941056,327958.757796549,326121.589064922,755371.737115691,692605.72585113,404608.8051191,468736.821281777,"0.891637433025515"
"1905","sp|O95299|NDUAA_HUMAN",130270.050461009,147152.328854627,92328.7068553614,82274.1206974521,124771.710065001,124539.208778838,298744.96699775,118073.047367253,117705.420740563,95896.9326322843,94152.8951591791,170700.233912752,181586.510706189,"0.495533652520111"
"1906","sp|P98194|AT2C1_HUMAN",185999.547978784,164171.958194453,256766.285053861,609507.477816197,1875212.28794947,245927.851361296,35186.5847633382,177656.349719801,134297.150811417,254096.894053458,197079.832517804,100324.002147974,103636.59037524,"0.323733031037851"
"1907","sp|O14558|HSPB6_HUMAN",166047.995214254,34668.4979529756,286077.630698639,269311.627230362,293509.093383995,341977.64018734,46406.9349945415,11166.7475705213,19250.5780117538,64755.0063311936,76854.0285423407,26511.5946346411,40264.4460668028,"0.325536968144793"
"1908","sp|O95758|PTBP3_HUMAN",4573.49365416058,989.105007055688,7728.26377680595,13743.6220365376,25809.2371330536,31920.4090930964,4403.12828768149,709.978472126424,10927.3666167581,34889.2795496328,20848.9026445911,96380.1762312472,85252.4474356909,"0.111480145326776"
"1909","sp|Q9NSK0|KLC4_HUMAN",132499.027279117,144194.385226949,67597.3664523615,66901.8545495859,123586.994664399,183870.120929975,33851.9976790958,77170.7415615406,101501.312611179,143444.839735207,130086.880748046,74787.0087070499,54163.7568414449,"0.140577293559111"
"1910","sp|Q9NP81|SYSM_HUMAN",85795.9789388586,129017.242887429,73753.0583374195,71731.9864097275,60653.7756589078,61209.6030252314,19321.3448045524,217307.215681765,173956.090096335,120386.87248746,125134.22220932,160684.899440159,127512.445612219,"0.273790809869909"
"1911","sp|Q9H3G5|CPVL_HUMAN",578858.024219315,572596.804152124,126998.912847182,91521.6916543947,209465.256177886,148741.541283868,242887.799325504,380034.06654708,295440.745483975,427215.420762961,331031.755164856,70500.4246606413,117998.056388789,"0.305650664244955"
"1912","sp|Q5JRX3|PREP_HUMAN",70202.0513903863,68106.0419789335,44520.3449593345,38336.9920680472,52159.8329038297,52854.762676684,30790.1143899861,87180.6419836951,100587.659684936,72270.493032302,76698.0618905151,110484.707826571,138222.558740124,"0.0950099007444849"
"1913","sp|Q9Y570|PPME1_HUMAN",88129.8880260911,79787.6048053606,65645.2678343944,68231.1204850741,24651.2227190854,26590.1131219087,17419.845520024,160293.968641949,137248.861831285,65081.1996842988,35250.6403404988,35669.1382674721,38934.8317988668,"0.983749583486332"
"1914","sp|P50579|MAP2_HUMAN",67543.4086510127,72310.9597781625,68269.4929112095,74536.1719344976,95258.9325620325,92271.4786976725,75004.3477429478,105646.518905984,92547.0215076991,69182.0655779742,73682.7639650962,124873.164904103,85911.1213052026,"0.135056119014448"
"1915","sp|Q15287|RNPS1_HUMAN",51727.2317563551,29783.8370250287,39929.1406210509,42774.8049454945,86855.2379706503,85124.9986951296,95170.446501431,86902.2563757253,97300.269993646,71703.7464707987,50888.7971597013,85706.4954767839,76758.7292481477,"0.0311493972416886"
"1916","sp|Q9H444|CHM4B_HUMAN",30289.0929008233,36075.9209075126,30927.2943487983,15304.7279927378,121252.374122483,88256.5281979403,9044.87117791661,16760.9297652617,21745.2340553806,35720.0388413877,38976.5258666865,73579.842879368,68025.4898461661,"0.285722879886207"
"1917","sp|Q9Y5S2|MRCKB_HUMAN;sp|Q5VT25|MRCKA_HUMAN;sp|Q09013|DMPK_HUMAN",84397.8078446463,119998.188921944,150931.115281799,155401.944431104,77259.6243498452,109200.849348644,76280.2330688045,102237.717087938,88334.5897751134,94352.8845501745,63327.4783500901,54625.7712181708,58521.0365569057,"0.890943681947285"
"1918","sp|Q9H2U2|IPYR2_HUMAN",1150722.85036994,1243478.40341419,972512.617861049,1157676.85191018,1401126.39934195,1182712.08742385,883050.527020933,973277.602316452,865205.968104455,1395580.78081956,1337629.82946606,1100157.24042244,1049004.94408092,"0.5284349574083"
"1919","sp|P49585|PCY1A_HUMAN;sp|Q9Y5K3|PCY1B_HUMAN",82444.8473871403,106504.376506542,105746.843422982,111801.87001387,121565.828529361,125797.936049349,15229.2085196595,137375.223236241,179021.420655459,168742.401016447,221028.615636805,112078.822320766,153565.552943362,"0.863864133830976"
"1920","sp|Q16539|MK14_HUMAN;sp|P53778|MK12_HUMAN;sp|O15264|MK13_HUMAN;sp|Q15759|MK11_HUMAN;sp|P45983|MK08_HUMAN",3198756.9010637,2437300.21114802,3937944.42399582,3744849.88698131,4742926.90208527,3889358.91936242,2320552.71721205,2364227.18336982,3011379.05684007,3240805.01839044,3658166.93544418,1865678.826673,1777437.41323665,"0.167198284463311"
"1921","sp|Q9UKS6|PACN3_HUMAN",45084.3579670443,77385.1261608107,75112.7815868316,76006.7998948918,97210.5468503795,111920.503024134,81193.5957154034,38446.0025447195,54324.3286486586,62760.1199764142,84928.2079751892,50352.0844418034,62044.8330516365,"0.93314364209367"
"1922","sp|Q05519|SRS11_HUMAN",147025.14775706,193764.766389419,245559.907136562,194126.000276415,212944.672467469,297444.954913555,130269.156163371,315484.54110616,348884.215530044,238397.910781601,274912.456518274,323556.817184042,345798.723276271,"0.357982709224769"
"1923","sp|O15020|SPTN2_HUMAN",2543.32239433058,2261.87094137349,2300.95985479646,448.211187265694,545.871173084897,3093.14261793744,1853.23083859624,22882.6015344532,18764.9729910843,13464.1671045086,10890.2544376669,23744.8203998183,24101.0739241571,"0.152856680022709"
"1924","sp|Q9BUP3|HTAI2_HUMAN",345792.132748189,323350.868954566,268940.954720969,281509.033646546,125025.557198977,198445.93061545,213850.663333388,634936.337691144,703234.715132326,239790.032323093,223002.34100417,314405.724752372,278373.3580918,"0.563763270915794"
"1925","sp|Q9NUU7|DD19A_HUMAN",59145.1605335607,40149.4942090011,125081.285781603,92392.9464453055,75776.6407604094,66165.2528834533,143469.226152034,20171.9690294669,19233.3300951112,71978.1884398845,40085.5004250337,45410.5754695821,30412.7966107605,"0.574504063585474"
"1926","sp|O00214|LEG8_HUMAN",210394.219371337,259860.414099158,214802.383356938,294177.081253725,262924.543081889,244130.327984141,342624.670699947,194667.075333354,178491.820315763,99911.6309184182,182643.234068682,91731.0260098422,100278.343329359,"0.0483108740108709"
"1927","sp|Q96KR1|ZFR_HUMAN",6653.81909511222,12270.5431751569,7802.94428135022,9387.48136524788,13707.7749363748,15718.2921212942,6785.56604646039,70390.3894486889,42939.1825613485,50979.2286746833,60363.478617895,59089.9334308727,33760.511340337,"0.658876645375228"
"1928","sp|O75937|DNJC8_HUMAN",187894.938071084,311322.432534634,137354.101463023,151172.901935401,210988.372768024,191843.911635008,162482.544466402,273491.154756474,200431.583197644,266339.283787348,271400.902170006,221231.688492435,248816.006935374,"0.823637231424668"
"1929","sp|Q9NZL4|HPBP1_HUMAN",41452.6023726191,42261.1068029329,61964.0710940016,60408.2145155248,80193.1096889292,83501.6069512759,50762.0376835969,231815.171776317,297830.599364264,109316.053276089,81381.0764226835,48501.091765298,51523.0362058751,"0.316104776499522"
"1930","sp|Q641Q2|FA21A_HUMAN",161925.878853794,120769.011377923,93486.3837990169,111563.238465837,55471.129023455,82975.6087826598,62005.577220068,115512.334924686,120676.84509893,94434.3981059298,95463.5323580494,307044.182263272,337574.534413617,"0.372194387188143"
"1931","sp|Q5SNT6|FA21B_HUMAN;sp|Q9Y4E1|FA21C_HUMAN",81576.8527673438,113168.386087958,122230.43033459,119069.957433913,126290.044837153,157645.940555005,873.805645360984,131300.955373677,119773.66313474,183177.316993391,194590.96735046,326923.502442152,369416.162994586,"0.278531689613761"
"1933","sp|Q9H7C9|AAMDC_HUMAN",103707.088343,94894.2895329088,180316.979915537,178738.671237328,97345.1496259399,84246.6902800622,93906.8350014906,151321.823514307,183131.246930148,82946.0797461009,60907.587423995,97691.846080465,85157.1483396479,"0.557914796558928"
"1934","sp|P50416|CPT1A_HUMAN",112580.982589336,145414.590386067,103432.93294785,163396.97706959,159875.009581628,152316.384907644,185467.071853239,71985.1303537372,78551.7518817047,102525.713619225,105249.094440315,113626.971544016,107146.341118351,"0.336801019703861"
"1935","sp|P21964|COMT_HUMAN",58284.2617612124,76959.1403828573,110806.890364064,81790.3978950396,191428.774673624,132085.160229479,82942.4693892927,87170.7305178603,150642.645656961,12592.4566868913,6053.51666094649,713063.737495315,541743.804117382,"0.156878196428552"
"1936","sp|Q9NRW7|VPS45_HUMAN",55837.8222329948,55760.9851033926,58646.8371512876,86021.2372012461,105089.05395778,95351.6803977736,36612.0661120005,100632.948597951,80805.3436639765,88876.3377887529,103944.02553637,137689.938638008,105447.828673621,"0.498378139712924"
"1937","sp|P42677|RS27_HUMAN",586341.41658066,595511.746740448,492748.488705337,556225.890753663,600380.539876546,517324.452096682,228246.004578104,1319496.91966972,1059122.07835335,2549969.21447224,1906415.58592778,1025573.69703119,1647712.59264805,"0.660290868802599"
"1938","sp|P30050|RL12_HUMAN",595783.305329302,604084.382189055,439966.258601435,510885.808633655,486090.751434547,575466.756555017,596940.101732628,848476.404365529,858418.858110746,701350.724762449,715268.861928128,1109551.73657306,1176859.0498846,"0.078258431118826"
"1939","sp|P10599|THIO_HUMAN",705978.174979078,590963.304062034,370239.876826749,404742.02601275,344508.980448223,440071.976631663,674222.489476443,478568.092140187,486299.709234079,206200.44697788,217018.650663377,400359.807696183,400345.410207641,"0.710776642107143"
"1940","sp|P28072|PSB6_HUMAN",249794.739755736,258008.184343013,256105.441206549,266999.879771472,158869.683609282,154963.064437265,250862.74188006,259297.516015018,277092.074670338,192931.933698722,150961.00512919,224612.150024177,199239.246818723,"0.892999946073171"
"1941","sp|P20336|RAB3A_HUMAN",16876279.1980372,12767329.7241424,13718244.4136846,8487342.14585002,13010240.2352121,13453826.8161135,12088785.6526802,9945081.85529087,6299996.46154867,3331430.32597672,5558664.77341037,6717643.03599075,6735842.23169357,"0.508506372922683"
"1942","sp|O95716|RAB3D_HUMAN",16876279.1980372,12767329.7241424,13718244.4136846,8487342.14585002,13010240.2352121,13453826.8161135,12088785.6526802,9945081.85529087,6299996.46154867,3331430.32597672,5558664.77341037,6717643.03599075,6735842.23169357,"0.508506372922683"
"1943","sp|Q8IZ83|A16A1_HUMAN",751392.87967489,868965.517595413,563919.521791094,597565.320001807,337887.308547315,432563.207433812,1059890.79877726,357741.438180227,436718.18606065,349194.346721866,544951.748177695,404339.435022764,310063.334586935,"0.225098907203768"
"1944","sp|Q58FF6|H90B4_HUMAN;sp|Q58FF7|H90B3_HUMAN",1239389.4969464,992827.326657868,1006280.5629241,868507.3543626,844007.817700282,858583.335236604,1229640.74591109,6148818.83858417,6111696.85094029,803679.019382299,642763.637278112,1180994.79192144,958134.728995977,"0.404979795510396"
"1945","sp|Q53H96|P5CR3_HUMAN",46085.4379434175,62104.8011944178,52775.0092898504,84024.6547467172,38963.2429131183,41076.7205770458,184880.968536289,103229.377199282,85887.4686435901,91836.8390916533,75279.917560135,115683.948706204,86546.3168964294,"0.2448171373021"
"1946","sp|Q53GG5|PDLI3_HUMAN",132529.483075996,153260.43729834,370690.644025875,219368.479097806,624698.052515476,362145.314978016,61613.5039537152,145238.983813092,248786.074168454,586021.557206539,668393.322375487,240466.664846119,232120.604200689,"0.98762349745709"
"1947","sp|P08240|SRPR_HUMAN",86503.1975770055,76511.9085043319,48206.2159998648,61559.9831718305,19189.8381513714,17352.5324025924,140400.83464579,124569.956880202,113428.244671221,61956.0133145842,66371.7558131608,141252.281228243,137800.513007466,"0.22124658603715"
"1948","sp|O75348|VATG1_HUMAN",203281.119263665,120430.138050466,60523.2105703029,52317.8952363497,125515.731413497,89590.9253684016,110240.184820006,124388.355493796,187591.509867124,135796.979225625,64897.0027409191,131391.586629632,164070.698793796,"0.975820862086709"
"1949","sp|Q9HAB8|PPCS_HUMAN",81045.0956920161,78954.5102108708,215937.56094978,237381.926146918,152678.566749153,157486.041921499,21702.6189643659,482274.403465465,397369.563557984,408498.35831681,391174.370328441,255029.877107941,269119.644628906,"0.610927104666619"
"1950","sp|Q93009|UBP7_HUMAN",95912.9145120692,84584.7681717833,86574.7884734768,85656.8007055389,130985.69731379,143419.73621919,167898.863559236,181902.256200557,183221.661191198,99582.8067198932,110867.386866748,203261.138551083,197206.309277384,"0.0672667919472772"
"1951","sp|Q9Y617|SERC_HUMAN",8290.7684498607,7760.17082449702,21372.6990674589,31676.2735433412,10721.7040821552,15440.527889239,60953.1331038345,411952.035812315,311024.949958167,141820.366369953,160554.392375503,154158.008849231,113927.47735403,"0.42212673659585"
"1952","sp|Q99873|ANM1_HUMAN",23942.3120302267,7943.53367968716,18324.6025318753,28692.8531356528,33120.2529618883,36203.591926069,12051.2193841126,174714.845928538,137513.146707809,76441.5315724406,65949.184865055,94370.4304813634,93742.8806663532,"0.201709663219721"
"1953","sp|Q86X76|NIT1_HUMAN",281215.782094804,323280.743661171,276803.387465488,289596.372902128,296368.689221951,286991.718201303,510802.384253397,291939.117545284,276174.72871216,260259.086633396,226748.392649722,235866.011640966,200188.541935897,"0.69919125863655"
"1954","sp|Q7Z7H5|TMED4_HUMAN",204988.35244859,181270.621790889,144510.038417993,149119.633581605,169873.104272815,121778.969228781,35120.8286015059,405662.969058204,347512.924262278,377524.868163816,419984.778431587,362849.937038344,321636.30250226,"0.706366306355459"
"1955","sp|Q969G3|SMCE1_HUMAN",32012.0507355031,38177.2746702578,42888.9938645218,35697.7237449821,70673.8314339035,66780.9610808965,23270.6476847143,110212.580667265,104025.372913865,53209.8345484501,76260.4512584224,53665.6703995467,60273.8720620059,"0.612553495033164"
"1956","sp|P19838|NFKB1_HUMAN",36245.0840861624,82309.0269821337,46097.7685438211,32783.3323055361,81205.1762768263,78714.4112016186,7014.2056808504,112139.823696619,81363.080035999,52228.572360684,63767.6054744235,85284.2306157731,97766.9573803981,"0.260605790294427"
"1957","sp|Q32P44|EMAL3_HUMAN",103550.431363972,111029.679402659,73143.2789509642,62438.1961187117,127207.862824276,118692.633762089,47003.3430189963,84117.2700087069,57895.1128441606,156938.680706051,187513.794806992,88998.3314798345,85348.8632810228,"0.605534566528661"
"1958","sp|A2RRP1|NBAS_HUMAN",29027.3369446502,18410.6066191455,27842.6453446792,27519.8033958027,43155.6093744426,37305.7370295865,8966.33656869072,74839.6087939079,70079.9879195486,60729.3121330602,91395.9491240435,51742.9776923198,53289.1509904402,"0.89472635392905"
"1959","sp|Q13501|SQSTM_HUMAN",177059.88055362,199159.783049886,91916.5955302803,68063.0021264283,159833.915275453,136417.457838314,68769.9977209589,511491.47868822,362339.782057948,257482.378783181,379936.152518282,146031.747947373,126390.464174592,"0.857160646365512"
"1960","sp|O00330|ODPX_HUMAN",116121.005035751,114251.187344706,69143.4176279024,89182.2242247458,60182.826605785,90062.8225176092,82945.8404352671,118825.984500881,104336.475987599,147481.816822758,135694.17487126,59716.6491598137,107512.515307208,"0.447777515964016"
"1961","sp|Q15185|TEBP_HUMAN",813286.734368071,405424.756086153,2194736.86883013,1621229.42672634,1711161.57187213,1014814.49493237,1727104.13340999,1095535.72448228,2068636.62374521,1106251.37213175,1675616.30817672,1956430.38929268,1253675.58773138,"0.544545811410519"
"1962","sp|Q5TZA2|CROCC_HUMAN",415697.888874582,420111.918314822,645583.702327221,695221.171372545,704011.717850257,599035.793666659,447674.61835359,298753.038049076,361838.228622111,367056.384665999,303930.094899196,419455.643793662,390590.887008204,"0.902454169123236"
"1963","sp|Q14160|SCRIB_HUMAN",42843.6779071957,42381.7251464884,41491.951690791,21664.1103302416,124964.69317721,74879.2544420354,6292.21267417179,65121.2098084653,98341.2903177094,60287.1574957735,61903.1822463969,126526.921588935,97844.2763127051,"0.0765340103322797"
"1964","sp|O00515|LAD1_HUMAN",299.739538320427,12977.5461518766,3970.99674248488,514.642442685886,9881.78687510431,9054.01568492488,197.099824348397,135174.047529865,158411.286422868,64165.6908256621,45377.1116337143,50862.3078031406,40719.9544166107,"0.213953427685782"
"1965","sp|Q8TEX9|IPO4_HUMAN",25174.8317296354,46774.476788629,27269.7602739292,36528.3193916534,19395.5188445468,31687.320590937,43116.6731310132,320009.987646288,193970.95124817,66256.1471381777,78861.3275625091,205779.5335506,228068.484641529,"0.0750003156148268"
"1966","sp|Q8NF91|SYNE1_HUMAN",110936.349711926,126364.901209764,109716.528765251,106747.15319974,243349.607023652,201127.532744173,75815.2349424186,56136.8035537862,54619.3830097979,48350.0318356046,50795.7116840554,125889.7134457,152763.610310551,"0.892874242496927"
"1967","sp|Q9Y2T2|AP3M1_HUMAN",746975.162071066,681899.996941498,575685.407258408,642506.685360997,515128.148072124,442101.773847393,1871139.86769607,307643.859036947,287398.817213313,331813.994286318,350306.09946955,217097.747231911,293948.445342708,"0.421736419801089"
"1968","sp|Q8NEU8|DP13B_HUMAN",10355.2270878405,19159.9900258748,24913.5394034103,25649.3647252294,16199.4116099175,18701.8105464654,2655.88726093237,33885.3274178488,18049.8907155981,987.120072808885,2080.95965856189,84830.6089390697,100704.77542914,"0.177220636987944"
"1969","sp|Q7L7L0|H2A3_HUMAN",279963081.269764,257590280.58213,328031431.539423,411242106.808805,325760278.757637,372189807.540658,407788738.092573,109313709.649065,126487852.550766,576825994.720529,484923951.781612,415150339.624228,424824901.147406,"0.870704928736809"
"1970","sp|Q6NXT2|H3C_HUMAN",1384468.73030184,505762.375451604,712809.925167001,1228568.62095355,1739219.04447672,1783671.47419017,675366.376526592,2697953.87437113,2127425.08981911,2211692.37984389,2647042.48837674,2582072.34397194,2044262.36482817,"0.71208689546189"
"1971","sp|Q15102|PA1B3_HUMAN",760463.718961299,582217.740937085,701193.038077416,932521.997854545,1040471.81514632,1134231.79698021,662215.337119371,466791.689953568,441550.453988239,976552.657772288,1085706.08757983,363699.649623497,337074.500032537,"0.30140494398119"
"1972","sp|Q02543|RL18A_HUMAN",358400.115610183,421864.147185682,561875.621478792,557330.541481654,211112.844560283,231706.58291047,628008.179985066,768734.056247527,641179.432078985,708840.64685545,746805.16032642,845276.198607487,844444.005959133,"0.478896378705478"
"1973","sp|P49458|SRP09_HUMAN",657591.436373589,666192.80716354,614013.350202195,783416.566806364,831250.674745277,596201.469588106,730083.50107013,813748.673068651,575136.398492262,1022371.07424073,1251026.16567323,1296291.67097638,1199368.64736505,"0.769520122656677"
"1974","sp|P01033|TIMP1_HUMAN",115212.220972428,100308.455712425,275319.437102347,185501.997782237,80978.5927669035,105033.649933669,154652.070663323,306396.571445694,227537.650816608,2016807.85703095,2156326.14454421,510653.051544941,440487.240430402,"0.960238613947232"
"1975","sp|P10606|COX5B_HUMAN",812139.851345847,931179.219581998,551801.764838549,477805.214461613,493432.115333002,474380.278813667,412611.661421182,869135.195507848,745279.984412098,797083.617594707,808753.617203815,730621.266254002,664442.608993405,"0.0770178307270388"
"1976","sp|Q07666|KHDR1_HUMAN",299759.958225785,347948.153594726,347510.153233331,333937.371806074,375682.304432008,396955.647100475,287528.736161809,678065.959670069,553771.518931978,308583.132310921,289122.425276237,762139.174385516,558993.470965422,"0.0861041520356604"
"1977","sp|O60493|SNX3_HUMAN",319415.267532573,258629.235729661,223616.667270546,346349.714665342,192256.090908307,331015.597323261,353175.042897541,239540.545470672,295223.799223634,197688.213061132,257095.100074925,244430.169493532,315720.100962038,"0.556216004505179"
"1978","sp|Q01130|SRSF2_HUMAN",506501.160441972,539388.749178055,639508.082205345,579249.807914455,762277.203628503,800775.304068326,859506.050747731,1471035.45703807,1881299.1152922,1216339.78763151,1173350.80154573,1106159.03798123,1396001.7232636,"0.339832158123319"
"1979","sp|P56385|ATP5I_HUMAN",606571.802631521,544950.449797611,260537.189140885,287125.63954713,195124.452824253,167414.723942908,702543.839250237,162105.008978795,179676.191472589,209178.326828624,202199.42494312,546587.515336795,542119.534999153,"0.795779025584641"
"1980","sp|O95373|IPO7_HUMAN",508528.309663869,495947.706372355,529928.142255782,426047.59584956,351046.99015058,366292.977767001,619726.955966296,527072.117229418,423944.290761225,227035.759937113,229175.147213984,422971.782838154,405060.40786893,"0.87907952657199"
"1981","sp|Q96PD5|PGRP2_HUMAN",1171656.72137187,1500091.81312264,698683.194088374,687900.673912802,554534.415715988,465184.895069589,1219398.99734309,466283.758952429,346493.550970094,726601.055669611,863974.817399966,348589.929692713,337589.048753105,"0.111337040779451"
"1982","sp|O94788|AL1A2_HUMAN",32516.51252241,41568.7122224859,105495.963949807,73733.6559744752,91235.9931543407,87235.4609122771,87161.4211691784,14844.6574680272,12513.3010986888,120709.167050317,92056.2021096795,59091.39273134,49804.5411115437,"0.909442989815855"
"1983","sp|Q13131|AAPK1_HUMAN;sp|P54646|AAPK2_HUMAN",80917.188880582,88800.8177756599,182755.347924313,229862.814171165,146179.870160313,141194.265269607,91570.6790227862,160377.39546791,176155.535777137,127233.369570896,148313.014753914,98137.0942823006,108744.955620772,"0.703192412195418"
"1984","sp|P24539|AT5F1_HUMAN",501632.249888362,413066.721918232,332017.003680341,404431.751251568,366706.796066066,425029.385835585,262456.651381622,315398.173741409,272544.674003725,428769.905763388,419881.224368564,617176.882733232,591629.069609659,"0.947235588714882"
"1985","sp|P19404|NDUV2_HUMAN",131284.16882829,94181.4730594434,137180.272288021,131600.168918319,146043.588196413,148192.179896845,208211.986655462,117172.843543703,120752.599500541,147784.487626906,154520.724877805,216835.247470637,215513.4648748,"0.267108389796886"
"1986","sp|Q7L2H7|EIF3M_HUMAN",174996.899458741,337453.724101095,148303.630355693,111449.988195392,106921.393601083,110702.211573831,459874.855488739,308032.482178699,353571.572773366,196626.826767764,240572.080633562,456474.474764146,366414.364648444,"0.105746345841027"
"1987","sp|P22087|FBRL_HUMAN",1217228.91184209,964292.571218263,270703.294130152,255661.641271984,214951.443830661,178912.29127684,383237.417983939,308993.421192475,256729.0907572,183862.916890678,193348.858938013,502176.559202701,469655.546079094,"0.589357160225632"
"1988","sp|P25787|PSA2_HUMAN",401686.507602095,420546.139877685,356073.42247162,439522.164975359,448967.71257256,395157.546092595,372620.666892381,327751.967654763,351036.593179461,342698.090772126,412548.076605853,556803.307502051,566664.652649557,"0.472356582400856"
"1989","sp|P08962|CD63_HUMAN",123050.129196853,66773.2320556598,91192.2688977886,90785.4464376136,53440.5814563191,59407.8308313647,99154.7177078454,67670.3410059546,63274.0668921567,103505.092984679,97647.3527374728,27040.0831666285,35931.8969627499,"0.0891674239085097"
"1990","sp|O75340|PDCD6_HUMAN",250.319445646885,2846.98996570226,57329.0257686261,9759.91379242971,44227.7366673271,80506.980437826,15089.2531078683,267966.891755604,246826.505590239,198521.911951555,168682.506576069,118005.927481461,119851.582504776,"0.486428424866427"
"1991","sp|P41240|CSK_HUMAN",297022.294101353,279673.920902694,277378.64081974,318731.196578148,196757.795699574,203601.370862485,211878.513980209,410370.485554257,418928.279055887,223462.170953301,254766.751663106,703365.663666495,773046.345147512,"0.154654801712127"
"1992","sp|LYSC_HUMAN|",13344034.7147271,14370826.1798451,12213739.0159063,11228121.3465825,4539279.97470619,4102297.51511183,29615941.8726449,12164232.351926,12400769.8579183,2323263.45435173,3485567.97608587,5290623.10062633,5321884.41032423,"0.686589019826724"
"1993","sp|O43678|NDUA2_HUMAN",244683.586567222,93768.6386752815,152562.809080801,55268.1614263407,134421.055181226,201484.616653887,17958.4065431821,164031.284622914,165818.057595382,295410.193218404,322527.920658793,273520.019272255,300149.033208271,"0.821891566897047"
"1994","sp|P34949|MPI_HUMAN",132117.320904455,150573.170486515,146292.752716408,129116.660342391,191709.498543416,170376.404892196,360270.717526026,231906.446833486,235681.484315028,429271.952105337,513454.77518272,337187.192074019,352941.412112738,"0.834722655256603"
"1995","sp|P39748|FEN1_HUMAN",109991.734508235,183684.435099211,135022.02562677,119367.188411903,146401.449780559,183900.415216247,177541.609495685,202182.049889689,174199.935197262,317163.754959749,322446.217549645,148848.626300497,164207.063652265,"0.946270603909509"
"1996","sp|Q9UBQ0|VPS29_HUMAN",113665.269176431,92249.5890539986,125898.255582933,148472.768087178,160691.347089789,166540.420034841,81151.4966768129,156761.991724917,143773.196370176,82545.0384291523,96262.3420593692,170076.412419855,170880.104825789,"0.232339819357605"
"1997","sp|P60510|PP4C_HUMAN",7544.85217383658,10753.9811438857,7295.54604618315,6205.0250438797,11575.5081372404,12431.6327577241,18045.1468209192,19006.6209977308,21771.4584428955,20306.2830691176,8967.25212442711,24495.7703985856,30975.9295074707,"0.0207635197950082"
"1998","sp|Q9Y2J2|E41L3_HUMAN",133664.973955641,148186.905102963,298940.834203214,327986.082715734,152473.172170323,109224.835263186,315103.751670591,61171.4565887878,56771.253566934,57263.5099096864,71574.1405148824,202498.36516469,239144.099107674,"0.67211352141387"
"1999","sp|Q05048|CSTF1_HUMAN",45264.9126208543,51357.6970697594,78860.8571390676,49928.3227034134,68989.8501217095,49968.6733692842,78068.1085688647,169445.458773086,153161.153638951,124148.9988205,127104.727874563,107982.782270957,110085.578829207,"0.517797418897433"
"2000","sp|Q6PCB0|VWA1_HUMAN",370695.42641452,419113.284858501,484365.261882439,441858.295009,395975.348566685,419040.357281367,397441.436713026,181905.426791281,196017.717410405,364957.312017349,369020.042593178,372695.321389535,379347.437161768,"0.395563186999024"
"2001","sp|P18283|GPX2_HUMAN",3017.42777517769,1407.35984627397,3086.54344474101,3902.08722852105,4127.57253613611,4677.63358296081,3701.44149483269,94346.2297872561,83278.616588908,22996.3025857999,30206.1142656839,366339.822459028,285751.638012184,"0.116815651777871"
"2002","sp|Q9H936|GHC1_HUMAN;sp|Q9H1K4|GHC2_HUMAN",144376.316964907,114354.908348823,106706.413984345,113910.917342015,89327.5716028925,107269.325267182,105955.544676013,194138.717873801,174883.149412199,122412.948887487,114992.712529925,172389.639785647,156853.722554175,"0.414776059294994"
"2003","sp|O00233|PSMD9_HUMAN",357889.961650538,232969.732828157,315044.056464819,421276.11969302,164591.928153193,222633.209859522,714980.756285531,148781.346025685,161119.744189219,139726.825543129,115803.953471588,135729.576095845,159736.960206696,"0.577985398665108"
"2004","sp|P36980|FHR2_HUMAN",200855.737472583,164191.246961385,347377.12865646,316357.409618839,216079.889740535,220821.259462677,474435.144885957,66786.0981757793,80151.4055006728,255033.039056637,243964.64078234,122919.78622517,108751.68152597,"0.214618407188249"
"2005","sp|Q86VN1|VPS36_HUMAN",29877.5087091391,37296.8109720715,28492.7818175568,28457.8939796335,53909.985951875,65723.5691895329,81338.5481635568,123501.847280822,140228.800558236,112395.75329258,178920.197106799,33576.2990888543,30653.3032989249,"0.956256288946809"
"2006","sp|Q5VYK3|ECM29_HUMAN",439545.361043117,449476.528500384,343878.706537759,354518.154492993,323552.097983311,346916.549242628,415686.104648988,430278.138883047,458663.518789648,391565.417634561,396099.234043451,444174.054811849,445472.429529863,"0.75253305380005"
"2007","sp|P53999|TCP4_HUMAN",22977.5919973857,33186.6807155531,57380.845174614,124678.824695436,105501.85183602,130014.017243475,148324.423840584,245773.930451192,219341.625619384,569606.215634413,317494.975111623,392892.049865984,355584.718398051,"0.383309411844302"
"2008","sp|O75351|VPS4B_HUMAN",25459.6666656499,51694.4861122389,60224.6337311538,2693.07904279759,94575.0313823815,69277.1778037182,15856.31741362,54307.0322141624,53301.9984921082,76723.4453234364,75505.6591038683,72736.2671970104,52497.4650179263,"0.642986650146399"
"2009","sp|Q9Y3A5|SBDS_HUMAN",333636.976171996,358674.558184715,417022.088301458,404663.875951604,296860.251699702,348135.718628784,107456.554672755,158656.383354417,223551.542475843,281894.329515373,422848.749988951,174337.352602914,151023.472428266,"0.134552487994563"
"2010","sp|P33992|MCM5_HUMAN",14456.2367215508,7322.34470186865,11565.9916121984,8212.20855186701,27653.7757121298,17689.4889061936,18079.5304122935,160508.169760104,116194.767058307,252852.907308094,191274.658467805,75334.7682087911,68229.6039391849,"0.744811181368995"
"2011","sp|O43396|TXNL1_HUMAN",55846.0395419017,42350.863756595,69643.2851331966,85695.9349579987,73545.5588569478,86279.9136355444,27321.003106471,98852.5118258865,90189.6501213045,188837.143771826,194811.606520865,209359.151433196,221074.653516743,"0.56669527362856"
"2012","sp|Q96FQ6|S10AG_HUMAN",39400.1724059886,38738.3031424954,28891.4689734689,20028.3007636584,26863.9216775384,19236.1218543118,26116.3006765095,102749.30779701,113724.775269607,43811.4063727996,45124.2935236968,32813.3190811971,36511.4459406225,"0.46877917065278"
"2013","sp|P07476|INVO_HUMAN",13815.0146309068,7388.41277616574,13278.6930125928,12654.4391976467,5421.01546342444,4351.81757761248,17105.9846573965,115003.966011182,110793.76700433,14987.6242974047,7707.14930568138,130599.856910109,126374.490691617,"0.0700205153465433"
"2014","sp|Q9UI09|NDUAC_HUMAN",87725.4530841587,111933.240651895,64949.2487333921,88326.8739804087,70528.1836905363,40377.3521831636,123357.051849916,49490.3035715816,60147.7142348141,185516.382204976,159681.048109001,111124.96510798,128677.733913682,"0.911687587448471"
"2015","sp|P61088|UBE2N_HUMAN;sp|Q5JXB2|UE2NL_HUMAN",820578.476301423,1244804.05776418,1040305.00374262,741337.629452824,532778.330632723,686113.254260753,3949517.23807105,305980.962940759,258332.801883264,342035.774840955,304925.15648063,304221.153370537,283942.392922879,"0.492082036080952"
"2016","sp|Q09161|NCBP1_HUMAN",85928.0080496757,84280.016486615,154938.653264393,99407.9135624096,128634.351149933,105816.654405305,72669.9887456888,297345.688146137,385133.253205953,211227.914552418,272226.25334639,165887.219082771,153678.420849924,"0.643539058575336"
"2017","sp|Q9H0W9|CK054_HUMAN",129278.051976779,114399.615623019,180026.154636429,132809.808289616,81391.7615378448,95601.8962106886,117816.961266051,44836.3442590916,19346.6554398476,14276.7896119471,17799.6676978568,38828.0561572848,56432.4621058267,"0.572035406170808"
"2018","sp|P38571|LICH_HUMAN",3100915.0096417,4754631.81768561,268335.985265304,259460.937610614,173983.337692662,220951.003749351,349823.214707822,825906.166846808,735228.098026966,119208.267974071,209310.842851138,190933.707896608,154170.797311994,"0.515778576927022"
"2019","sp|A0FGR8|ESYT2_HUMAN",59497.2036031007,70465.1401968224,109543.141605216,111667.69557872,120835.296782897,96268.5602076197,94051.3525053654,95504.652483161,101500.259372459,233574.041508957,219156.729473005,85176.3280042725,116471.107312914,"0.908091382349977"
"2020","sp|Q9Y263|PLAP_HUMAN",114413.923802751,187412.025134106,114825.648307145,112944.223735716,115687.993009658,103493.285555558,199381.08198466,147425.752958825,146222.88173289,158640.209895017,200469.622724848,91878.2555846156,73409.9483948056,"0.689319673810083"
"2021","sp|Q01581|HMCS1_HUMAN;sp|P54868|HMCS2_HUMAN",78506.3909551102,170255.379999118,95792.9493105436,83236.9406298928,88833.3586265559,98391.8107683513,41782.7722709254,156353.945016394,161945.426467448,160485.960457337,108017.024572942,86702.2942266893,78858.6871525536,"0.325593857441558"
"2022","sp|P62847|RS24_HUMAN",186960.034328799,178710.039099219,443883.359795972,452752.144683102,239316.07532383,228819.858827952,422416.097802089,326812.922779788,417206.23573292,320937.209567256,336638.470711535,907223.694224603,984543.200022727,"0.0984591950333033"
"2023","sp|P98171|RHG04_HUMAN",18240.4590064559,25976.2926617143,47190.8045740298,47123.0559294054,112988.11905005,108752.926378706,28919.4241506083,86212.8917395192,89040.7252423687,146976.422728023,180674.10960365,69427.2290567318,77325.1366178338,"0.898033198636307"
"2024","sp|Q16512|PKN1_HUMAN",53625.8587844176,30924.2564011143,43215.4353040706,28322.2231523867,97069.5703682133,117807.533305307,18261.3926255965,63835.1424143396,61292.1517381004,79046.2089048781,78988.6567190638,55304.4927898506,47627.3902350806,"0.910897992850451"
"2025","sp|Q9BQA1|MEP50_HUMAN",388276.376874477,405594.997909311,249600.455128978,162477.662424509,331603.74566024,267965.888645713,198586.68061314,482434.171369852,363042.112142293,349274.091315744,337844.741314772,284691.287602269,262354.197236849,"0.287546795911593"
"2026","sp|P21283|VATC1_HUMAN",206698.723051559,366234.701819905,195614.295294945,131238.994978603,270157.826880527,212312.679239907,108383.14994467,301088.127652455,312341.029195623,216587.451944608,233557.029654388,165817.131158743,174120.00052269,"0.990812039968845"
"2027","sp|O95140|MFN2_HUMAN",355453.417705241,406285.731940793,659679.435174377,781427.645006087,1346145.13015922,1147192.25232636,523220.120637845,211290.605129879,245781.886562763,856503.085366249,1148333.57662711,216792.315013994,204633.750575567,"0.684378681372177"
"2029","sp|Q12874|SF3A3_HUMAN",321627.692266115,358618.083820453,259963.746756553,233723.278388616,271069.829794538,278117.940625625,415762.406478184,406265.709894491,414654.458221509,364599.294888729,301698.589834272,268200.066310675,388092.028792113,"0.27422675314493"
"2030","sp|P0CAP1|MYZAP_HUMAN",15565.3113445209,6979.26989662308,116598.935898342,76092.1185258456,160082.539150966,106058.981493214,23917.7684077642,729.497620914728,951.152582302554,5124.85393830591,1676.55070138731,3655.11761845027,2831.68113193666,"0.557738916414628"
"2031","sp|Q10570|CPSF1_HUMAN",11420.9813722485,17559.8894601181,6710.37104438664,9361.96322403866,10284.4447838996,9675.0087723906,2366.51238746832,27998.6316976075,27851.4146098611,6215.68602429643,10614.8064876962,58643.631378633,56420.5952857936,"0.131317865666592"
"2033","sp|Q9H0Q0|FA49A_HUMAN",24542.7285075142,23852.3643375332,17469.9938869238,24733.715456856,3455.18081911602,10894.2631621812,2221.24225958592,10965.0708446241,2232.94987412529,8913.62481446373,47505.747658656,12382.6441516106,5752.38549834695,"0.27274326466694"
"2034","sp|B2MG_HUMAN|",947687.37764745,561213.310888511,900555.07548508,886915.207387622,1176580.17201441,1301929.11010992,470211.526795488,883922.617443516,910711.082515136,926900.44818935,795359.146020149,778629.404018645,641125.984653091,"0.575081963907515"
"2035","sp|P15531|NDKA_HUMAN",42508.4523638538,44862.5495223853,28018.3472097499,24464.371229466,20252.0985284888,9245.76613753874,64353.2050249827,40644.9625690484,41078.0343300126,22309.1052610226,16656.4179429284,11575.9498947314,10385.333403906,"0.605071246462271"
"2036","sp|Q9GIY3|2B1E_HUMAN",8295933.98980246,5727158.78241947,2811072.97709144,1823268.72466774,3359457.84850013,2385112.0856831,1932211.77282378,1413164.10518563,1351240.82012514,806622.954190743,929236.908975416,3635616.10187455,4839979.36320826,"0.643808069025182"
"2037","sp|P36551|HEM6_HUMAN",186684.210383944,125432.792870174,114843.382233053,108786.321513136,154398.602200454,136326.581166295,24001.5158442173,193052.250721796,183982.599463358,233874.199617561,220222.219988624,175447.854771777,195086.294168941,"0.939265848815571"
"2038","sp|Q15113|PCOC1_HUMAN",149241.769058696,121465.867191554,191974.603337252,208284.565417293,313163.74157048,279375.317701501,161222.897060281,317659.343688316,317744.867124447,480245.331816322,618941.525678112,169231.719391931,150799.006954971,"0.903215180221352"
"2039","sp|Q08379|GOGA2_HUMAN",73444.8128179191,101574.368626388,90736.5296730603,94674.5918891287,142165.224690002,108121.330292027,20919.1995827685,213579.120353304,245239.234247447,417165.496908625,281459.365509675,193177.116783035,176954.94838872,"0.557530364943504"
"2040","sp|Q14738|2A5D_HUMAN;sp|Q13362|2A5G_HUMAN",518488.260413434,571167.937172778,538100.560565773,503171.445709228,609058.73772836,557626.123999825,437640.771875008,594387.660889581,641698.267145024,713847.776600478,781984.035315646,393006.419283729,424262.466524115,"0.740106470105077"
"2041","sp|P04080|CYTB_HUMAN",6130488.7947139,5531169.48480499,1517212.36759567,1488879.41351025,3330062.52482379,2928983.90382206,2479827.4075173,5751367.39177991,5640661.43690663,1347006.88905931,1054190.32663164,2012171.1730396,2788717.7433684,"0.757398667395705"
"2042","sp|P51159|RB27A_HUMAN",235891.303613011,221153.285481435,245031.234245588,302743.545836634,192276.454455639,217408.508919225,357001.050337879,300127.241980481,386129.454750267,219547.529146358,225408.559258298,180617.845757279,186802.696645016,"0.823063359405502"
"2043","sp|P49736|MCM2_HUMAN",11044.273425733,15629.16298405,69965.1286655133,47517.4416153552,10196.7892080915,12472.0978817404,8165.49281399747,295957.396718616,242192.718845985,81777.7286390702,145960.928569293,69482.6111868606,80728.5534214219,"0.62233784884967"
"2044","sp|P55196|AFAD_HUMAN",201382.817686144,218455.00085544,255824.551438007,227313.509231862,485621.007936506,470338.459931728,151156.22080894,161570.99745254,149059.724669579,169169.349456801,68511.4465433267,139377.265198853,154535.094468379,"0.988763215232115"
"2045","sp|Q9NZT1|CALL5_HUMAN",11843.286279164,5360.61206339073,26159.5889603987,23340.79964524,20449.2764749703,17644.6846677009,7621.065827299,9563.4725030654,16016.1543564057,19768.6339544138,19863.5673222842,199192.224881265,198883.35672705,"0.165766537632349"
"2046","sp|O75915|PRAF3_HUMAN",624606.162590089,116380.742592992,524781.885418505,247976.533838889,982140.163017856,1137510.35610891,606085.72601902,83437.1057238876,110134.9729641,62554.0430523558,74374.6955242395,250865.230575922,547879.719427699,"0.700410550768969"
"2047","sp|Q86W92|LIPB1_HUMAN",49474.0290132932,45265.8893457231,90028.8692832718,92551.6614659144,184315.506811245,164894.611829176,29137.0464427538,133382.744070963,86270.6086988181,174222.256095474,158389.557338775,55597.4102739088,45672.6272580788,"0.99888817657476"
"2048","sp|O43592|XPOT_HUMAN",48123.9650611736,51473.6672102592,67099.9509524657,70724.6717595607,34624.1680813693,30796.0328075855,9086.7835631725,219528.28681206,200805.756917562,130470.346167486,137041.280718926,78738.1417399891,107223.012609505,"0.541359246091548"
"2049","sp|O95671|ASML_HUMAN",41285.1306944917,41598.1753174346,21401.5469790151,14902.4667180587,114631.128533866,80387.8557869544,36582.9290599079,41735.7530536131,40486.2211136498,62492.600317076,65931.2393554,48745.8476047152,90996.4649092006,"0.641262554113192"
"2050","sp|Q02127|PYRD_HUMAN",45143.6277735651,37722.8003427315,23699.0938130507,25743.8392837114,55370.722786918,33231.6855773853,2080.31767247567,87728.760567467,52315.7031043822,100453.099987601,104867.591438617,29060.2937078573,35494.2731343876,"0.790584639011385"
"2051","sp|NEDD8_HUMAN|;sp|Q15011|HERP1_HUMAN",447960.397146737,556820.549539284,282668.854694034,168754.380396474,249159.899124764,227988.4843136,366982.595063114,473466.111780466,328833.541533562,94169.8634562538,96800.7131365365,273004.721302603,247775.851975645,"0.777637139473327"
"2052","sp|O95989|NUDT3_HUMAN",104311.25563221,126031.997293027,104321.885670994,80297.6092163299,107479.417025266,130511.336969701,76296.7497884609,109390.579296262,130645.438489112,101157.982044995,113850.679443053,123597.011300793,153509.768365287,"0.182194660052848"
"2053","sp|Q13564|ULA1_HUMAN",80551.2305077353,99903.7252133918,113292.465124958,113320.419064461,146942.029901643,100482.541445965,128358.702968117,157660.839729704,134707.198057082,137359.709637992,177190.11393078,103934.11893607,95614.3446636605,"0.988408530617982"
"2054","sp|P08637|FCG3A_HUMAN",238355.891486324,175193.994539957,117793.525982569,143777.98552948,224915.641198179,183107.082330147,98989.9135571657,323435.77969149,387972.437325319,107075.148714691,83918.607917694,289816.758550549,227177.30056897,"0.601021990834076"
"2055","sp|P48507|GSH0_HUMAN",545985.1838709,323893.300262661,180570.352427591,193594.086581769,189739.613026673,130426.263807196,752511.390040586,233256.110001457,297667.367038562,108150.388604246,71687.9652935112,208665.186662891,211233.914204401,"0.681874028962471"
"2056","sp|Q16602|CALRL_HUMAN",282470.077793639,235139.331027855,278487.397697201,376170.459483552,422329.363791671,371049.1357346,182730.408101844,9866.9259966846,9267.3727779143,10001.3675155553,17496.6743837829,48994.7209226667,52381.2286500467,"0.524844518030803"
"2057","sp|Q969Z3|MARC2_HUMAN;sp|Q5VT66|MARC1_HUMAN",266027.620228667,243019.835085495,558343.531070977,636492.440093439,812321.458997065,453782.576999593,672262.980298382,440490.307418268,384566.660212365,802300.844576664,677691.168378747,380378.545537644,276498.453546326,"0.903911392078343"
"2058","sp|P55210|CASP7_HUMAN",74531.4387189591,86404.1940226138,77144.5263250337,82224.2231202367,68264.6685087651,57429.1811665262,6246.84334987562,109186.878376349,97158.4031196765,104449.877578641,108292.730672573,99415.4381731226,98524.8689462962,"0.65490171750332"
"2059","sp|O00560|SDCB1_HUMAN",204950.608715576,212582.62290323,77230.1183991462,70783.4107396886,70512.2718339086,57137.0626440081,79443.3718279426,101426.603855561,114219.254479599,54649.1322233518,45896.6502726882,81619.7235575422,72431.9681266106,"0.632666813089658"
"2060","sp|Q96RQ3|MCCA_HUMAN",109690.721094461,116329.979547546,32853.0938594323,34228.5933711012,14205.392188308,18536.9321900997,16983.4685496921,30235.9859515192,41152.8694046834,37959.865386781,33564.1113501867,121809.577079897,90904.1361195073,"0.894736405828285"
"2061","sp|Q9Y6Y8|S23IP_HUMAN",83084.5621382394,96485.2641630903,99127.3505713605,88312.7597733232,236431.594527068,237691.098835128,36698.9558910123,89472.1490329437,103176.24425205,198516.821440531,320773.759912447,150902.981566608,199354.163955229,"0.96097633177581"
"2062","sp|Q96RW7|HMCN1_HUMAN",92927.0604342027,69725.3483811087,77408.3537159779,80709.8097742739,133521.959333219,124688.74335015,51170.1994458681,14201.1839188978,16990.318137117,70807.8179316364,88581.2120796526,32568.8906597014,38198.0311894976,"0.033714288475182"
"2063","sp|P40123|CAP2_HUMAN",413480.553405441,464717.863273285,497600.57788919,432047.782533551,495947.133445509,424172.601559721,410742.129347383,1038382.86205469,1029788.97325798,479396.492151585,455652.690895665,526299.789802133,557670.787705744,"0.177022695561823"
"2064","sp|Q9Y2B0|CNPY2_HUMAN",25210.8680149138,33112.2552913583,42918.959388031,33203.3903242945,53552.4932534236,57947.546458713,40836.1079154713,36008.1203862464,46075.2078191802,12932.1673820864,24813.7545552637,89022.5134497062,116256.872516905,"0.168333997740935"
"2065","sp|P30622|CLIP1_HUMAN",32711.9970055543,31639.6732755769,21653.3340649219,10910.8129710396,26104.2147900819,49371.1872411073,10954.0695616614,30158.639096555,22322.0861232001,26346.0202122207,33873.0272255089,31635.6236274081,14331.2561346126,"0.0947796535449064"
"2066","sp|P0CG04|LAC1_HUMAN;sp|A0M8Q6|LAC7_HUMAN;sp|P0CG06|LAC3_HUMAN",26295597.8201975,29419521.5191169,136384239.329228,169334985.156567,50628996.8843139,48119526.5685811,49208026.496087,28848956.456257,28604442.4722648,24733468.4392911,24991559.9019457,67848194.6635066,59222058.4331078,"0.172185220944267"
"2067","sp|Q99797|MIPEP_HUMAN",175264.071105322,172337.220037273,227712.784082988,83072.4908229852,250536.213105963,264721.813246398,288685.667667464,185438.00107075,139026.53575188,79009.6523974735,262258.488937469,570950.459183617,587238.342396013,"0.389177343042863"
"2068","sp|P55769|NH2L1_HUMAN",371449.947065418,335723.927547607,250632.708722841,303891.999896678,312779.805851229,356609.950937084,333402.556637036,542773.814128791,481927.663059062,626237.176740006,552902.243503692,522576.731296966,520758.430431058,"0.540964629749326"
"2069","sp|Q13617|CUL2_HUMAN",79829.792623185,100908.355357888,80508.1263728291,110514.501348627,117914.914480343,96051.1342872881,145203.855514705,184921.039277761,173850.376178793,254399.435828462,233122.544721076,95936.1390860982,104983.399421046,"0.872064078583648"
"2070","sp|P63220|RS21_HUMAN",75617.644871613,111774.909125441,142924.50263098,149756.72239971,103895.830263484,94151.5430700005,423466.185468954,203055.912396845,216401.922595657,282223.556627288,222029.188953319,300473.345254661,318892.512523131,"0.335416027437417"
"2071","sp|Q9BXK5|B2L13_HUMAN",257484.723546768,246384.666557921,218711.19880259,217998.348759885,214111.333789661,216869.304091214,149943.81301713,270840.444747706,232199.376578024,65221.8106890496,108586.014432404,197619.982159502,265391.853272234,"0.924491391970722"
"2072","sp|P05106|ITB3_HUMAN",115189.823154066,106126.204094175,188102.42028455,186349.401604416,109538.956813451,122356.411796666,461867.475062,22496.7700840264,24297.9073488031,71691.6838977043,63883.5041666896,23332.4610393462,22756.3575378036,"0.277109783322847"
"2073","sp|Q9BZZ5|API5_HUMAN",136993.637789803,178443.264233822,224049.220450555,212508.295965226,204944.806857785,205777.237356191,315492.402587045,296599.457696264,225845.059652741,102137.609264017,146345.668197223,231165.131201716,282583.782948249,"0.159011753403911"
"2074","sp|P02750|A2GL_HUMAN",48543.1173221463,40502.4035495018,110185.052010243,109220.958639111,3229.385666213,4411.51761327708,25737.5539461176,1262.63513910323,413.432984870658,5838.3145579468,6785.90782896122,43348.8181669628,145538.319173881,"0.729435128294909"
"2075","sp|Q9NP61|ARFG3_HUMAN",60801.3343918655,44358.3007131222,75767.0587177229,38451.2917467044,49849.1423186582,58899.271778216,31462.8131262678,71576.5667228731,74950.3540131277,113004.687826329,169899.314848616,148357.214590071,125578.286396164,"0.874457188168913"
"2076","sp|Q9H993|CF211_HUMAN",120971.979205099,87285.0851037478,68867.2304115749,87326.6824366309,41705.9637086874,24258.8920197929,32309.3828882704,78315.0527862854,123376.463017823,26500.8806178388,69446.5109658253,105013.571218351,71611.9879086758,"0.655356863156769"
"2077","sp|Q8IX12|CCAR1_HUMAN",34829.4224161892,26133.4531556372,25009.5135245692,33132.4143514642,34039.4282095466,37231.9833277461,29879.1411629055,41351.8524778143,46127.7372488173,66749.6126270074,80318.4025435559,64606.4200008064,71689.9212031474,"0.777412251196529"
"2078","sp|P07360|CO8G_HUMAN",537801.731789044,546309.15569207,1257611.87737922,1359085.9833116,956764.672367767,707370.696388767,1333884.64399268,241927.918341941,309272.002263279,1255807.5098873,1268373.67728283,491455.428107947,591612.767937778,"0.805663039705173"
"2079","sp|O75122|CLAP2_HUMAN",63903.223014986,49680.7987275533,31013.6852237752,24959.777888828,85071.3694195647,83386.0965089433,4993.70064798251,41451.070277346,60907.994629599,38585.1117553905,38543.871148612,28626.3435806795,17631.0826339323,"0.443367156215955"
"2080","sp|Q7Z3B4|NUP54_HUMAN",150380.542832529,152149.276612537,130834.629857288,146614.865285556,166677.850893193,152119.251089869,88208.2396689087,169377.750190092,177221.159559286,105574.978410957,121070.218906658,197747.397172847,206170.58086523,"0.356297062145258"
"2081","sp|O75112|LDB3_HUMAN",83642.2932201508,67994.8324186387,117906.160716703,101769.830048544,151247.257776498,161630.964352547,39352.0387842365,1554.97307555394,1074.55572599009,51854.6328974429,37109.6018516416,25362.403886841,14806.3491324454,"0.358010153642953"
"2082","sp|Q9NVE7|PANK4_HUMAN",14557.6897691061,12543.6847598781,48158.4096447084,57994.4705776354,34728.6136445083,56152.253627841,17147.8481968517,33500.7506093601,38957.7257410896,52403.0504800135,54680.8374319639,36735.1363871036,38492.4504851512,"0.715020312061865"
"2083","sp|Q9GZP4|PITH1_HUMAN",428434.4938406,398505.603087788,2520285.06992518,3068267.2078729,478902.778772738,358149.164178275,1221789.77204418,3658603.50516874,2913611.60140021,2192435.10281699,1946145.01946264,172097.165766794,154304.12930748,"0.785969295894406"
"2084","sp|Q8TBC4|UBA3_HUMAN",145904.466531942,287591.168586973,233824.535684953,301095.637935487,244178.92945755,187859.560528807,482087.519942049,446663.655419061,367347.532122391,411205.464803146,423088.662036524,404631.34180384,423885.273564431,"0.541258198654879"
"2085","sp|P36405|ARL3_HUMAN",589619.662988602,508483.843338425,633983.808447886,598950.330197973,350085.39875634,360545.627472708,412821.835281165,569870.26461647,592192.604523796,625035.876588424,574950.306424735,562941.944725836,586469.364908392,"0.658689018837433"
"2086","sp|Q13526|PIN1_HUMAN",123143.604670242,197643.340933669,194159.948290882,242874.036059263,169638.738712909,129087.465644476,227675.578323294,88747.3683164357,99624.0424861722,71558.839271228,68227.1662253279,102299.133092469,121327.04360293,"0.930196037564585"
"2087","sp|Q95IE3|2B1C_HUMAN;sp|Q9TQE0|2B19_HUMAN;sp|P79483|DRB3_HUMAN",7267457.14812294,4852130.49267645,2015999.11423388,1191991.11147229,2229023.59268723,1431340.49509718,1303629.46525184,803528.323840601,831953.321918243,131972.88699256,188208.382951415,2859026.81984713,4086267.86237459,"0.65739053029916"
"2088","sp|P19388|RPAB1_HUMAN",10158.3213407163,9385.79246725664,10517.3247100297,13225.7955007368,13717.1266163722,10261.2910338083,21314.6006034231,23176.4457530017,9588.60424656673,3279.34705080878,5020.81025600211,39357.160804621,35255.6373097301,"0.24361098433683"
"2089","sp|P28065|PSB9_HUMAN",92811.2586507778,73142.135081029,15022.7743341483,11335.9060612591,61889.2913982315,54618.5338296462,23157.2320684234,18677.2879847158,23058.7570477412,6724.2815465428,3556.65118843109,227234.542199062,632207.319719017,"0.360001052880845"
"2090","sp|THIO_HUMAN|",4810452.11672959,6773539.18670711,2799934.38022018,3223604.94652531,3470703.04123674,1419460.99483181,3040624.01148888,5949477.66995573,6008131.87107496,4074771.28625547,3598220.88117915,3272106.16789509,4299219.6698425,"0.956859879669147"
"2091","sp|Q9BS40|LXN_HUMAN",849571.336695299,1230105.86145248,732909.060243237,1302439.38125152,1148068.07623145,915263.510203593,4041161.49888103,590638.92943408,511350.415221188,1249933.04650215,1778182.64775428,676458.619423197,639596.066538005,"0.594355527782569"
"2092","sp|P55735|SEC13_HUMAN",1044881.23015251,1360174.25124898,661462.533505987,739748.475802191,627831.75344,625484.69714086,854286.369252487,620399.140754597,629510.384940816,611797.548950844,790777.032955604,881073.197657661,809455.440438934,"0.381443087487468"
"2093","sp|P11279|LAMP1_HUMAN",1553859.56974197,1445060.08593803,600570.298982421,667926.766041043,598100.746504073,592153.232641557,763379.047847319,714864.179996477,747016.648986773,608518.306056476,662617.603290299,541621.697773848,417807.326979051,"0.453422788592083"
"2094","sp|P14854|CX6B1_HUMAN",1373871.95629651,1187543.7566784,1479972.22697016,949048.063393407,847262.732511713,653727.374106253,757329.008926191,1838077.27144388,1532992.32821775,921063.355691324,868248.915714687,1454103.82559122,1586976.48160928,"0.66437753256804"
"2095","sp|P03973|SLPI_HUMAN",415302.635426559,426696.372059982,789303.884987682,880360.509255215,530408.500548256,504520.189984092,952261.959832605,207986.243766992,150561.614727776,393959.05759018,435552.816703011,336717.238329214,427153.74277077,"0.220651540736359"
"2096","sp|P60468|SC61B_HUMAN",97232.4996684741,118169.717639279,133659.764463187,180205.125967252,130076.896633404,114807.848535967,212054.175836372,302575.76288616,402358.812335174,401546.594986332,209678.773857396,351651.635233341,293738.753172024,"0.121149489960652"
"2097","sp|P99999|CYC_HUMAN",337711.425416449,373223.378435,203690.422785684,206821.390796747,259876.607577233,254471.10425624,91925.78043075,350779.032261935,337149.208531657,165044.124996991,142279.233435006,292532.958109611,321221.288121903,"0.926298857642592"
"2098","sp|P54709|AT1B3_HUMAN",479684.207784049,516410.744150682,873895.811213299,779340.407767003,711296.672977817,636615.236517609,618985.441809731,1196783.38015134,1006529.65197865,648823.469047837,509518.74146945,639920.969125618,730586.500134057,"0.061447452302961"
"2099","sp|Q04760|LGUL_HUMAN",1102542.77527809,1278144.8952405,916061.715700097,892364.196297189,985713.651009287,839315.817600776,1148709.30757433,466719.59057584,364331.537495703,454965.665718382,294091.686628948,312036.491388942,229812.095350671,"0.5297505257301"
"2100","sp|P61803|DAD1_HUMAN",411326.815998223,374685.006017378,511476.40526169,496046.815910128,628351.272604361,490459.606282712,355695.419010602,564217.637731798,725730.589546424,612469.901048959,765483.595704809,447961.432868146,548078.647522423,"0.889219671783938"
"2101","sp|Q71UM5|RS27L_HUMAN",93517.3666989295,115445.549758924,86478.9450329477,107610.955557954,40832.7330452759,113224.093504109,41657.1448855072,166389.783633927,87096.7546004965,229680.012626499,232921.001294678,101038.870476819,106774.095601441,"0.897257120943595"
"2102","sp|P04434|KV310_HUMAN",1314950.37021102,1578102.21344247,6167961.34073707,5769922.51732998,1011347.35156058,911817.943616068,2493404.72443949,736636.6049668,662596.162564917,1591051.17636895,2091769.67712297,2032604.44618558,2206037.90534464,"0.980021362855954"
"2103","sp|P49207|RL34_HUMAN",29505.5962280026,31855.6360584723,45423.370881043,79421.6397463332,43145.5056218759,48065.180041384,65795.6734400213,88397.1547246244,118733.091718546,80131.1238527376,58750.5438261336,123245.903275171,157736.854627607,"0.050455357115783"
"2104","sp|P07954|FUMH_HUMAN",1997887.19544718,1961584.90096184,1761786.11324855,2008647.47848229,937648.586605728,1312245.87375623,1989976.40079533,1052886.22532963,868753.695259209,1092757.20426401,922251.679416242,2108344.75695939,2055553.78587577,"0.942798236242097"
"2105","sp|P05026|AT1B1_HUMAN",1172865.33756176,1273606.86436123,918557.561169441,1008503.85877319,1074738.31698877,920305.101614829,1139002.4008185,765324.708765031,735133.797943345,366103.20297302,509566.920987836,509739.991384429,500444.217665295,"0.511578315247902"
"2106","sp|P40261|NNMT_HUMAN",529456.307589814,327817.244047456,249701.697449703,322483.862597624,156299.09987013,177235.151956411,204492.968080902,360209.583033747,463076.850765081,959548.146561558,889464.426820954,348816.240906364,324749.381630475,"0.662518151986714"
"2107","sp|O43617|TPPC3_HUMAN",150483.488266461,160079.891605492,277598.537576444,212736.30945373,112729.482937413,132026.380460119,218949.561221633,149931.963969293,180186.12187648,121128.763078015,112280.926506601,128455.706976713,167054.987418094,"0.696513257939183"
"2108","sp|P25774|CATS_HUMAN",1509961.71705627,1411516.78263674,39936.362602421,49978.5466284551,76290.6123179929,159510.096415443,61444.9195103075,536098.336643783,536929.932197657,166888.950043299,146503.442107126,237725.084956844,265885.253649014,"0.562977291827224"
"2109","sp|Q9H4G4|GAPR1_HUMAN",854999.512620083,1229386.90203379,2136604.92497416,2256476.66487908,713561.762761733,768358.359224114,1089822.29668804,955329.232276268,892415.719138903,604465.042498841,358469.98939503,495059.436140172,463980.338768631,"0.890565681891544"
"2110","sp|Q7RTV0|PHF5A_HUMAN",52537.4598667181,55782.3007262256,136023.758407881,108700.662322313,141085.543782748,123242.931583075,7571.53896468531,153363.437615102,115629.086100007,152930.85131921,121209.643750212,132919.165825318,122242.956419535,"0.430257234255016"
"2111","sp|P62312|LSM6_HUMAN",67366.6273631603,90530.137068588,90570.1231844261,91989.7198553767,81157.1207659733,95314.5724258212,132889.874937569,53336.3451380001,57353.7968771408,62023.0843149206,56477.5799029611,96646.9660137166,98271.5982105752,"0.317511591703319"
"2112","sp|Q15257|PTPA_HUMAN",639917.936660158,761221.71820351,577392.917543667,503736.786432328,509455.325800102,455369.99382922,1577540.61842907,359820.561184623,335774.034004146,404146.417545374,395218.313037504,261425.925814282,221005.325027302,"0.342250892749799"
"2113","sp|P62249|RS16_HUMAN",129400.031982865,179293.51267344,213388.259507905,278350.790726719,186044.354431078,192561.338030212,88751.4233806455,257091.877432612,173008.925081613,644849.184470807,615338.863502101,426021.17131157,388990.387537022,"0.806144939023983"
"2114","sp|P04921|GLPC_HUMAN",1462619.51128768,1027920.93286006,1145440.55103273,1260104.43873166,300672.48001996,337324.517223077,4634998.18980529,82393.9165270584,79369.1185922248,120874.780279451,153050.878201217,199769.675156049,164412.126431974,"0.495283153912608"
"2115","sp|P13928|ANXA8_HUMAN",24630.3201511971,19087.9120490218,55943.2281872923,61541.6991209739,32814.7004504859,45004.2852505452,28481.1374851126,42768.0698102517,67558.3298609305,199633.982310594,163382.911607507,59453.8136776116,60574.5721570681,"0.857994826383494"
"2116","sp|Q86WV6|STING_HUMAN",403189.781533593,406095.692542112,746520.619140726,709865.398473561,758671.734449482,743437.904161995,259543.342570356,432495.713700639,368710.45683875,459200.354109936,461257.437458183,389966.796449524,439744.624695073,"0.830596333297342"
"2117","sp|Q9H4A6|GOLP3_HUMAN",278179.07527429,238641.755026523,319213.454612496,340740.215240032,299858.20660154,297749.88707678,326307.267927056,199781.852712081,206426.821033439,486168.429589046,500758.906927963,315508.426259788,295114.616172886,"0.845028925211017"
"2118","sp|Q8N6T3|ARFG1_HUMAN",273733.508931664,259617.36885713,191582.273312273,221227.831815119,301735.410394193,257940.399858956,144813.94514615,283850.385162246,312794.852150949,325835.073853653,380582.452233731,207519.446157013,256070.850012584,"0.674701727036161"
"2119","sp|P01624|KV306_HUMAN;sp|P01605|KV113_HUMAN;sp|P04207|KV308_HUMAN",614606.732859701,699704.21346711,2252620.08506957,2335748.66555179,308664.163398791,299629.29525589,1168911.82984065,409946.038255084,315913.049458529,743542.784689376,996578.491076634,1349493.19170158,1428476.06030942,"0.599609860045483"
"2120","sp|P50402|EMD_HUMAN",297532.016996347,193132.209122806,249488.163911724,385107.283113751,148878.282938831,165211.607459509,169255.639476667,227970.685045365,292539.78089452,293983.336460831,280673.666994507,251998.660127643,250483.836218216,"0.304655576771313"
"2121","sp|P22748|CAH4_HUMAN",150079.880013644,208963.096058254,124482.38375488,115817.9947663,169085.191517349,177012.669754071,206853.429726413,15875.2252135305,22875.11192225,12688.1573341992,12459.4898208358,26718.5807947941,28729.7853130746,"0.540266586753305"
"2122","sp|P61201|CSN2_HUMAN",411375.442445666,463789.007905775,433706.771986038,458034.022792304,327756.34521448,309922.577555266,438472.822421508,501373.999989639,464942.376534314,263003.283809519,260934.988801942,498691.585252369,516094.623370059,"0.556825645604823"
"2123","sp|Q8TE77|SSH3_HUMAN",244089.424059616,309087.509846501,189064.371423206,182084.328222241,318466.524471787,229709.908819955,149525.899044141,126929.680697908,111583.699103136,184734.467673647,176995.03963543,60524.5812297516,73698.2399747363,"0.151979989981975"
"2124","sp|Q96T92|INSM2_HUMAN",950143.376672067,1313571.87817317,1087192.0329329,998181.611588029,929380.791840259,900022.656843131,1018162.42351922,2619085.13585932,2759048.5249385,1044734.01269143,1131641.53312785,1504604.85650301,1662623.94067609,"0.134948447507646"
"2125","sp|P16671|CD36_HUMAN",452444.55888577,397952.290488372,342823.067849113,247137.192932267,544035.982282746,461056.014412058,2405359.5136278,41087.4489069971,61069.6011151658,59703.3004418767,63323.2675879295,174632.586095174,155624.608479534,"0.570741088492195"
"2126","sp|O00116|ADAS_HUMAN",203721.834137251,191062.172278029,134073.8293041,76051.0457355473,225632.013869939,185550.102052159,42789.2856607905,159532.44454657,138086.447360485,193222.804908811,139474.151375568,115135.447845377,154289.109779825,"0.594524874340233"
"2127","sp|O95757|HS74L_HUMAN",46004.918284909,46416.9470512654,49421.1874452958,60075.8585176363,50435.040787673,38497.4173505652,29150.982087513,71566.2210268197,81535.0504484402,18658.146027119,18956.6703081992,63782.6733765507,65550.6742318867,"0.425263305199301"
"2128","sp|Q9Y376|CAB39_HUMAN",139855.878813383,133318.799449371,115318.407253108,132761.759351505,127043.509300404,83104.1319528749,143012.009796627,137489.986604174,152236.986761321,119744.843448691,98531.226430455,115382.882284496,108076.183990149,"0.988060401247265"
"2129","sp|P16930|FAAA_HUMAN",822577.963993476,904066.932308022,426517.816436279,445586.694871527,124037.550781166,117778.183143788,1164782.14622773,274059.246845387,334421.027340848,80229.2503084712,83419.641901152,398838.693492978,313509.027937263,"0.669493786806966"
"2130","sp|Q96D96|HVCN1_HUMAN",156101.765402972,161031.992326643,117898.294271779,103291.674176516,50698.4001419596,98974.0736361576,546034.083709998,82965.753802292,78706.7140265145,66267.1011330019,46816.3891691373,75856.4530447353,70431.2273109154,"0.646732786769637"
"2131","sp|P23083|HV103_HUMAN",133142.776612195,180885.119633531,1613312.91088613,1690410.61653697,102599.172335389,131686.571165835,833940.003039939,64192.4849531497,92238.3282342362,337324.517223077,421191.558599577,149286.013650805,147755.771974931,"0.8007621532888"
"2132","sp|P40429|RL13A_HUMAN",23898.8492663341,25052.3961240236,45987.2429926878,39681.0053571544,65885.7468482514,42613.3396258179,4748.45783588917,9668.37465659421,14382.2837395963,85294.4689736992,92822.9899060727,93684.6434338089,93879.4413977794,"0.701604136389498"
"2133","sp|Q9BZH6|WDR11_HUMAN",39750.716024663,41914.3962776327,44847.7911059638,54563.6473330178,57688.5596751706,71577.360416713,34073.1793973875,71383.9935194294,90125.632800349,68100.912936587,71969.1176240279,95624.5973061932,88423.5655816921,"0.321844293533298"
"2134","sp|O00442|RTCA_HUMAN",116657.054481492,104337.173828667,183121.977277678,140128.67791098,175883.71615223,175831.88472504,169270.198901506,110657.322344302,94656.20033127,256195.863011797,237887.891342958,255503.437085057,259558.918079552,"0.604060401359854"
"2135","sp|Q9H4A3|WNK1_HUMAN",110352.814812203,93150.4507435368,66315.0828241929,75087.8552921113,72421.2563253407,77712.7086570325,95153.1577169515,74942.7559939095,81619.8481941416,97872.2990224411,94135.2597114773,56144.0336744244,64357.4759748062,"0.128197885539739"
"2136","sp|Q96EM0|T3HPD_HUMAN",92846.9209629421,67109.5726876903,96750.9239251113,127167.144199245,162114.283720716,171931.526939886,64089.6117743508,29265.2409226526,29707.5371398608,159370.937908046,159007.356416243,56796.2226990402,55928.9841354465,"0.49969251596352"
"2137","sp|Q13185|CBX3_HUMAN",278564.346861051,293242.83396776,458983.971866268,477280.54195427,377368.221385556,442922.315477877,394392.134458276,987951.723468746,878135.997032883,375477.934099039,540058.537544801,648058.658014632,576058.767541088,"0.34265795227201"
"2138","sp|P30047|GFRP_HUMAN",908221.685913271,816853.683886821,493243.188474384,467688.200068929,365699.482451747,425014.957735661,294952.021883659,473435.580707933,467959.688618792,301214.902947233,291530.960379503,216209.526362642,200282.392292328,"0.501785494721792"
"2139","sp|Q6NVY1|HIBCH_HUMAN",43914.3720250477,30806.3187047071,20641.280454522,19971.1784941821,24213.9521150319,23659.1638457482,34214.7762454193,23767.397344056,29753.8253943033,31293.4187260969,30707.8917713321,48697.4558740827,48034.8650338374,"0.965562657859809"
"2140","sp|Q6BCY4|NB5R2_HUMAN",61896.5959503831,65844.6681176588,44683.4584704579,33206.117978283,44605.6644694324,60868.0649534821,20694.3854692061,147130.027402019,105218.086151246,52776.1160389005,91638.4571370184,177583.622363017,177331.379731391,"0.18725635525779"
"2141","sp|Q92783|STAM1_HUMAN",214056.940387025,233428.168826412,152996.236863532,136141.438985562,234185.356984671,142322.870957073,107489.072293487,89807.8115727578,87208.0823465524,181297.455259425,195065.338024167,53640.4290976741,63996.8287512441,"0.0406054537236716"
"2142","sp|Q9H5N1|RABE2_HUMAN",33657.2076802532,26283.5473380816,49024.838872743,54722.7456252226,50627.6317167804,79796.6524976975,31443.9085187812,65801.8632187113,57456.8495564018,106233.489884982,74388.442425524,48186.1288443005,30617.3951442187,"0.737207525422855"
"2143","sp|Q9Y3Q3|TMED3_HUMAN",17352.7837015774,16935.1215880167,8937.17338608451,7787.63735358365,7198.28573502114,7115.36439255134,23991.8512966875,45886.5170074666,76727.4524553298,33662.7593202394,21113.421145282,22899.5151057553,27040.0535855644,"0.175659474851237"
"2144","sp|Q9NWV4|CA123_HUMAN",1167363.25818636,1179474.7601195,917726.846836354,899703.994165441,528819.518356245,535106.915509486,623023.171112552,481592.601118817,465597.679840502,358068.41415871,404077.678088559,388619.48406271,462745.869165884,"0.509648514921922"
"2145","sp|O75844|FACE1_HUMAN",309407.740458767,337118.809285497,466072.594569833,536143.901501405,130968.869727873,88171.8127501039,502929.078371604,174278.784746337,198778.929953182,235634.477453082,201194.908747661,200196.123362084,144836.521108572,"0.46402740714438"
"2146","sp|O43674|NDUB5_HUMAN",19624.9901292777,47710.9216334774,12297.6074296527,36812.310747518,52872.5752042051,42903.8095242542,53073.8545294811,73869.9602883971,96881.2156554735,59971.2467967858,67480.919290163,85117.903184907,67865.6365723028,"0.397964948178378"
"2147","sp|Q13485|SMAD4_HUMAN",15659.1483235099,31564.1089227352,77432.6716021217,45377.903300611,34837.8403599937,38941.058252217,68609.2506353749,9859.2792807796,13020.6536966797,13223.0477072367,12769.1354672451,136206.010149358,113842.245741155,"0.190283133602168"
"2148","sp|Q14699|RFTN1_HUMAN",253422.932035009,233828.118138017,387747.189312915,395025.476462221,347962.825867034,326621.233086792,319039.916062354,217956.487665666,213534.562191065,258259.391504283,293863.763251883,219368.45897081,204107.857829691,"0.280721672213499"
"2149","sp|Q9UI30|TR112_HUMAN",308788.381666319,294317.9153387,295370.807994675,185116.935468902,342002.387424386,216008.000311571,92912.6873608691,452872.14268168,393967.444506794,398783.121444306,571854.136267459,299607.759080543,349052.74483463,"0.824553889279242"
"2150","sp|Q8N3V7|SYNPO_HUMAN",533040.44702413,432945.32531059,785901.947847378,798684.509238005,1032566.85066651,1019428.40529444,220585.858116612,85567.7561699539,120229.061731884,328738.968117036,458951.86284647,120046.79533259,102788.33282485,"0.0203805794889437"
"2151","sp|Q8WU79|SMAP2_HUMAN",198511.16741738,162574.687908683,413227.749471651,412265.957231941,213197.04440157,191606.076259396,217567.11623334,144907.855244315,153369.937133869,171133.603255253,156082.891604326,375427.970642628,359070.67414491,"0.287478911048285"
"2152","sp|P05089|ARGI1_HUMAN",97620.4012074888,110626.694064219,22536.1787541526,36644.5355794818,11488.4016439975,9968.60699882957,132610.83788451,70102.3752097245,52328.7000453846,6967.58082373156,5743.95328324478,6129.18677840064,8613.14860511001,"0.57734229700129"
"2153","sp|Q14011|CIRBP_HUMAN",143395.930341944,130925.211194421,191814.479374565,204522.592172503,99781.3830991321,85016.5415246186,88490.7279360183,52795.0899921987,56512.9934969714,102670.382357027,76004.870677832,125253.22052992,90684.4044093965,"0.666341358157934"
"2154","sp|Q13428|TCOF_HUMAN",40021.001514827,57411.188727625,17809.0219959342,29576.2551566046,111369.356317285,93446.3142284384,13789.8810051111,40707.5217283816,36849.4329773266,90987.7274452434,115716.817460386,53594.6689969833,51753.5002334509,"0.868345543229022"
"2155","sp|Q96J01|THOC3_HUMAN",52573.200359227,54430.4029699966,46729.5286663515,41009.3832818375,29671.5206582594,34982.6840108791,72237.1698665076,167504.391258045,142364.596972933,47105.1507764517,41808.1122470702,88172.8290114773,63532.0057320023,"0.18932850572716"
"2156","sp|P31937|3HIDH_HUMAN",158784.630155666,151773.663074902,63804.059222302,89019.6225428901,153298.963080406,130341.786737602,32588.5080601469,68081.9043282976,82767.0647430217,157931.76509392,159983.843218082,58936.5749607344,64888.1258258935,"0.0719213552445813"
"2157","sp|Q13123|RED_HUMAN",54159.2608783308,62956.3789490152,33316.3853724955,37663.9846386122,59101.1118449911,52171.1951444365,31112.4106747675,51971.2278470666,52478.4807351888,68470.2382502178,69098.6130887576,33615.9129962494,37947.6587466367,"0.438407800280373"
"2158","sp|P25815|S100P_HUMAN",144211.421980635,112128.294302977,104810.754725674,105278.751858328,21551.4859545576,31280.0540446839,98811.4511264133,640158.962414187,689753.772165016,64821.544826873,56905.6058772278,226289.102999117,154256.982079891,"0.32188586266767"
"2159","sp|P46734|MP2K3_HUMAN;sp|P52564|MP2K6_HUMAN",66267.9746013734,88869.3046321818,79127.9050007553,62705.9160758526,59686.6253420059,50821.062692381,90608.0184364634,94507.4295368577,65971.9975788371,76272.3655448789,66676.2694471288,74242.7495675655,72828.0603256919,"0.0839422227654404"
"2160","sp|Q9NZN5|ARHGC_HUMAN",59802.0650832617,59666.4410372259,128796.736229006,130013.186595772,123068.614955031,128097.407956577,99472.217622496,101400.619986778,108349.46018619,86695.5454144571,99153.2093581199,68731.3787783801,88081.9816186204,"0.682643603140399"
"2161","sp|P53990|IST1_HUMAN",57395.5191167102,67671.4465576714,58991.0502108068,69297.300753747,46899.8421753045,61998.9119208323,45626.4152756407,86360.6546150544,105607.460652184,83541.8783952982,71515.5120603772,45309.0588645161,33013.1844702526,"0.83076654929224"
"2162","sp|Q5VZK9|LR16A_HUMAN",46358.8854595957,53153.2632005721,82974.7177479132,72504.8226942792,71610.5672886184,78200.2650098807,73599.5357246224,72549.7619240221,62042.4053333402,41806.2633426926,46533.3169606821,44333.955379194,55214.3273206405,"0.400369357164426"
"2163","sp|Q14376|GALE_HUMAN",317485.454017073,358073.419204625,270036.768098741,193425.81069623,235582.47575197,248803.771333459,252678.64791228,263043.579722859,215734.119313453,201944.773708526,166004.009836673,128306.750094386,165335.105947379,"0.53957717641782"
"2164","sp|P15586|GNS_HUMAN",94823.4829099889,89959.8318620019,56964.1838910393,23395.6454779864,66870.1301057796,40142.2202509374,10175.2985228828,94486.431441714,83658.4004171099,60304.1801238174,31191.5477916678,20502.2091420073,35758.6466922421,"0.692747726357592"
"2165","sp|P01700|LV102_HUMAN",80298.5251291886,64448.6401301344,239824.171906333,228087.768353627,97988.4345097626,79568.7182547945,210469.257178546,11510.9411330561,15296.3136905783,79696.5973716882,138810.473844708,23117.1945511635,18755.4243840378,"0.262371922145695"
"2166","sp|P30533|AMRP_HUMAN",15357.0542522425,12106.7899169485,11872.2438741117,28708.4144613785,12325.8692547776,7755.75020996399,17588.8838368535,31647.9989389592,25086.4001398547,15066.1891567264,11827.3730611618,14880.7328246405,9356.67039791767,"0.629934938079244"
"2167","sp|P18428|LBP_HUMAN",642985.377539921,804148.328680024,2239701.83050268,2858039.67287859,549952.53607568,492034.987927728,2096700.07517871,191553.40639455,120972.969530768,584056.963452617,537628.221990167,575701.912659523,593107.015766757,"0.351508574203333"
"2168","sp|Q8IXM6|NRM_HUMAN",64035.5464271805,78646.2230041999,110415.316067355,144830.277048505,185121.002755108,173375.863990777,147616.724505786,94672.3784179373,104864.54309611,190296.896388346,152758.738528691,45284.5594591404,50295.1140351826,"0.99595521117463"
"2169","sp|Q14839|CHD4_HUMAN;sp|Q8TDI0|CHD5_HUMAN",46718.4074288745,48426.241423519,59302.5750416063,76937.6384963145,108063.104711559,159643.870859772,107591.432574836,98470.417096133,49351.0799895794,125428.656762115,77731.5305713586,173970.866683206,179658.517119979,"0.10852326998199"
"2170","sp|Q07021|C1QBP_HUMAN",178822.80179683,161848.639605472,78925.2125469594,110971.116129702,188725.812345206,158235.259611266,68696.6416983751,222058.875683879,304461.413278883,73794.4109076679,95692.1499743411,146167.60636625,181628.07532109,"0.716963198003701"
"2171","sp|P30038|AL4A1_HUMAN",149287.509793221,129633.99583795,127756.307353059,160706.57723132,166177.797973006,172354.38238617,42743.1442511678,59191.8734319751,63075.9000683373,163902.312988076,153327.387187593,80471.6242856649,87540.3495436521,"0.111276866564436"
"2172","sp|P61601|NCALD_HUMAN;sp|P84074|HPCA_HUMAN",214128.043029411,222168.924234638,486993.518421219,457454.773165668,560765.148757633,566371.70595196,177203.323655013,139800.378870721,123982.612565806,88249.8434436993,100106.790036119,73645.4568531342,76106.2422830716,"0.456555564484603"
"2173","sp|Q96T51|RUFY1_HUMAN",171421.535035489,185867.603154891,210298.100728279,193739.324140194,186167.639568402,190983.399372475,73903.6944320301,200134.297700812,217758.718934223,121388.32569517,137092.055150437,139658.604522845,146747.033316829,"0.947049453103728"
"2174","sp|P36269|GGT5_HUMAN",66693.5532317233,73777.1557919537,132201.155917095,140443.578011923,72031.7320422682,70730.3426763671,151125.682649419,35355.3744044345,32244.1203765223,263718.820630009,226284.400400859,49927.8762875799,93801.5912009258,"0.900598504622173"
"2175","sp|Q9BYD3|RM04_HUMAN",58777.5081224245,60603.7123401535,20416.4326839591,18324.1312532162,36327.1893557038,35138.6262765516,545.187712260898,139804.101536775,138863.046399555,133620.467903386,157641.001455313,61999.3108332982,80998.1573074161,"0.919332185624963"
"2176","sp|Q8IXJ6|SIR2_HUMAN",30314.6866154999,36059.0885214968,34515.4098506299,33610.0479585257,52427.6026589578,41304.6414446845,31575.6151230246,30745.1218198728,33830.3720370773,24559.7954635438,24785.8825558571,16399.7458633035,24242.4709236141,"0.524282686107224"
"2177","sp|Q96RP9|EFGM_HUMAN",27649.2504673002,30607.586637303,26226.9000644744,35815.5580041896,90579.4434935052,101416.10955936,49734.6378785411,2979.71328478589,1650.49684731005,133243.613125246,140695.55151841,28217.4703746491,32009.4107414371,"0.81986971359207"
"2178","sp|Q92621|NU205_HUMAN",48492.282423875,64534.3822952408,18223.4563450458,21782.0049603952,57364.8683977723,54793.8593967846,20032.2891307637,93791.8140762824,93108.2626597035,84000.1733157625,73939.6577688542,42666.4771560858,46798.1386638458,"0.705989471746163"
"2179","sp|Q06265|EXOS9_HUMAN",86517.1664919341,68780.7640358858,52619.2938922891,57556.0265441687,46143.2483055161,53065.2802042502,73926.7002095842,77925.1691177373,104140.832844453,71785.6127379212,70502.630304153,54832.1422437511,66507.4803333422,"0.692351464143891"
"2180","sp|Q9H6S3|ES8L2_HUMAN",115182.688595835,86037.542769382,271662.442964259,274547.875003974,196401.385614478,236591.054738164,106876.682709445,55005.5732184918,58483.951091033,89068.1385721243,246263.954438314,57195.0680695344,63808.4634641812,"0.426261307572254"
"2181","sp|O15160|RPAC1_HUMAN",37018.0138402931,55471.502583729,82489.9204498697,65305.9127432129,39813.9929706328,34744.7274035214,108850.984845439,162881.65773548,185470.696889288,82830.0370057867,66130.8487244375,123643.555565391,164360.984916633,"0.0454556439631227"
"2183","sp|Q12913|PTPRJ_HUMAN",85491.1024531997,96303.9212292001,49511.4297048028,42022.7200888443,52651.8567811784,56003.3586141391,39307.9439728862,92903.7528689145,86066.2872489105,79961.0206256275,68688.1032954535,39730.6936729441,40437.4745547032,"0.337656762847808"
"2184","sp|O95721|SNP29_HUMAN",100947.864955047,128181.368961599,89289.5438716348,86544.4703460966,50220.4042384526,44841.3287095082,107878.875019483,72543.8313100725,85083.531363322,126670.205704185,119420.258496305,67130.6172099895,49533.0867162905,"0.29288348493102"
"2185","sp|P48163|MAOX_HUMAN",11001.753297535,13278.3395339704,14046.1126067359,14127.0305246216,949.80406626089,7524.86329300683,8286.05780522612,27724.7902441096,26240.1818133741,1842.77334888925,2856.32423824608,101789.744230338,78927.9692247055,"0.159178877574365"
"2186","sp|Q96D15|RCN3_HUMAN",11144.4225727103,14714.7835531117,23281.8668377948,24120.8652182879,10768.0192161976,21368.4022504305,69404.5791225644,119899.721208395,167169.228944741,99640.1376890062,103174.00541054,55493.755637876,48703.6358041405,"0.558543005963535"
"2187","sp|O43324|MCA3_HUMAN",102922.000485616,94811.6138851911,37385.0188841367,34834.9002185782,11520.5326611445,3667.63662255038,9016.42494500602,48547.2478533125,28069.8372562583,11307.4512396789,11326.7524192059,70434.7378004482,88000.0591049514,"0.796826143261693"
"2188","sp|Q8NHP6|MSPD2_HUMAN",14094.9479497462,16667.7429581167,36044.322787611,48990.0034115183,43251.3720141887,54613.8559537029,17995.7912045159,29826.0901235166,29474.5314443933,32533.9979691871,36248.8297515739,44748.8525644404,34140.4415729058,"0.520404499692185"
"2189","sp|P33991|MCM4_HUMAN",92688.2153736904,61232.5999620714,127779.746247952,150449.308642513,69048.7744578532,90532.4915657914,84765.7420681126,231167.636894111,145968.137760679,313398.531235431,414692.988195648,127033.42186456,154044.118594653,"0.912397666328217"
"2190","sp|P14735|IDE_HUMAN",183050.458744326,178868.183804932,280974.034792319,266859.562452709,214497.048079351,214320.505178008,284390.101063439,272920.389084358,206528.53661209,299104.283746932,307935.63373583,176581.290167847,107425.255872363,"0.759206086883866"
"2191","sp|Q9NRF8|PYRG2_HUMAN",26136.1530891641,21039.4152148264,20460.5652791727,23424.1983349652,41812.6714500396,40171.933822906,21425.8095609448,37622.3369998833,34320.9690207218,10060.6536912926,15816.8537156693,8629.22750915216,9665.53760164855,"0.509973550774175"
"2192","sp|P51532|SMCA4_HUMAN;sp|P51531|SMCA2_HUMAN",33701.6819612244,50233.5263936713,56556.1248032472,58119.007387701,88315.5578123656,83684.6137402373,44452.656196848,108718.94731634,93393.3038621447,126425.08371393,84511.4794925744,142059.478992621,85567.8669199489,"0.27702386493562"
"2193","sp|Q9UIV8|SPB13_HUMAN",3802.39203540226,3713.27883950902,9070.63314393252,1067.03341521891,6176.62115503964,4190.27195903428,18741.3037205453,275965.627065586,219246.451446832,8088.57930589456,20012.31224635,94583.9398155042,74570.4188350934,"0.131716685167584"
"2194","sp|O94901|SUN1_HUMAN",53313.4411922699,33604.5538638656,131021.281692291,135482.524596339,109936.594231907,77790.9200732517,64618.318507474,80478.3671879603,73693.2576403475,69490.035138572,80363.3590626873,86944.7744040692,110676.879004047,"0.396894515536951"
"2195","sp|Q6P996|PDXD1_HUMAN",31904.8934401669,18457.0153449318,37367.4575884635,29859.6349712657,33263.3631637949,33151.5374975264,33203.0717049183,32714.0982345619,31381.0056552322,63383.5984122662,58797.3985726207,84251.3113796267,97572.8139344784,"0.316774337726556"
"2196","sp|Q9BYJ9|YTHD1_HUMAN",20156.1527671061,16381.1551431246,37449.9862922912,30228.1683606276,46986.758456818,31290.9117051979,9161.66835156314,78454.0642610176,80218.8042718204,97442.638289183,58639.9812791239,64048.4716080374,56185.0681056793,"0.318389257023466"
"2197","sp|O14618|CCS_HUMAN",487528.011664658,470858.759028075,652118.660282063,575876.061128152,383199.657043288,381852.642828009,1107720.45240872,170129.362655255,167663.428724052,317909.435046295,259621.039651401,165295.143222745,159851.489465396,"0.382601728911456"
"2198","sp|Q8IU85|KCC1D_HUMAN",26402.459283517,23683.5571024345,18508.6987656076,15832.0995485527,36478.4983891266,42081.2252296874,20527.2015978618,25687.9902040214,21082.2684457732,42755.9074405429,36543.7469685293,13334.0393885303,19845.5545646974,"0.564422859027707"
"2199","sp|Q96PU5|NED4L_HUMAN",17566.7655155723,33815.0804208074,23104.1135350769,26376.2772862107,27393.4034585739,25376.5429533252,11384.8978645415,60334.7122174892,66919.2315087707,4637.52832459787,3933.11930541279,30762.9757796014,29463.8075875978,"0.275898447134869"
"2200","sp|Q5K4L6|S27A3_HUMAN",66145.4450434578,106476.182775824,145513.793512879,67428.4365810325,102113.378235082,113129.649407515,17818.6930913577,146106.159280084,166653.991507381,61694.4810571829,53491.9883574455,68556.7242915594,66466.5789721504,"0.335473568397594"
"2201","sp|P03956|MMP1_HUMAN",36717.3211281537,34147.9494272822,20444.987849627,26376.3887902746,39463.7818515046,55048.2121632424,269007.747615322,36170.0239188804,19251.7036544353,63249.9100112973,37379.9370984394,63382.1874434271,55416.5210383773,"0.27970708567892"
"2202","sp|P98172|EFNB1_HUMAN",44797.9271368074,39470.9381647552,160195.686759386,150485.838417066,198235.387845457,166439.180380863,71402.4634306854,51168.7574990335,47172.4478187765,11348.7094151205,17326.6584240291,11070.3638634524,20024.8285121768,"0.608901637053938"
"2203","sp|P01714|LV301_HUMAN",1117609.19585246,1341237.47736869,1987251.28477187,2453144.55579271,682453.082526639,658158.710342641,3337881.32735279,279311.334818619,268495.052391963,682085.625819399,636382.439340659,517004.758164425,428332.965128916,"0.350162032621306"
"2204","sp|Q92625|ANS1A_HUMAN",70803.5371565733,85079.8571248984,94691.4371254582,79217.2335353746,80206.8064563451,71640.7703647628,11188.1284896783,93558.3183486568,113947.73639936,57669.7962094115,51685.8036015931,47198.5036051829,54856.374253904,"0.817866577604106"
"2205","sp|O14949|QCR8_HUMAN",45647.7375134384,32212.2979606231,35292.7566466871,21759.9678717381,30922.8642726059,48444.926981291,1805.54036667832,32926.5218296079,28049.3303511596,35929.3312460642,36535.7766777833,40786.0721998644,41381.3584563619,"0.488904440955043"
"2206","sp|Q9H2G2|SLK_HUMAN",12449.327761598,18743.3130997106,34365.4113464394,26335.8950349103,16431.4942155677,18623.782514744,54058.8056683619,3860.26853449905,2767.81554598132,3252.10835356586,3621.46155607058,31413.5354331811,18456.890082335,"0.618958472295308"
"2207","sp|Q9NYB0|TE2IP_HUMAN",49487.4333316471,34551.089848628,46380.472252298,46862.653390549,85845.8271358617,72112.7440240176,55974.1531486076,68634.4781772354,63959.1900402698,118801.809828629,122005.124751132,59070.2224823707,97393.1236052427,"0.88895803068654"
"2208","sp|O15305|PMM2_HUMAN",30018.2808184189,17886.8842422607,15873.2313571527,26905.3138282672,34519.0619005901,25094.2642651311,21526.6683573259,25397.9612311974,57157.5893253559,52744.1308212916,43295.923347978,68286.325455369,60250.4327448995,"0.13767131631896"
"2209","sp|P61586|RHOA_HUMAN",147551.711085512,119466.209407271,65835.8964446811,76267.5789924215,187851.684661029,50375.9919239073,20013.2225331877,68062.3011089653,74884.5843641851,78471.0208105964,44485.9947991516,159968.76994101,152482.110060186,"0.92783712812832"
"2210","sp|P62745|RHOB_HUMAN;sp|P08134|RHOC_HUMAN",182032.314913491,186097.88493409,100755.352199286,77717.5915069549,137480.802874616,47928.3445175635,35056.2832305032,55191.8398921109,46038.1965558669,55334.70394524,66114.7526779049,87804.034708093,54310.5442953505,"0.475972986705781"
"2211","sp|Q86TU7|SETD3_HUMAN",11522.6987860633,15978.7760501891,1773.91485378686,4765.71037891557,37665.075282798,47157.8252757753,1388.68925357288,137366.513070541,101799.462750109,45382.581889596,45898.5512359619,27315.4412759196,27940.6908058034,"0.42504915146301"
"2212","sp|P48651|PTSS1_HUMAN",30908.3459221733,36036.0658614318,19084.2119148434,25607.4884857841,64593.7821676551,72467.2468907087,20385.7406892814,87216.2383905226,106670.67314597,59401.1150882596,111672.757597905,124685.806212302,129916.638434969,"0.538653183262721"
"2213","sp|Q9NRH3|TBG2_HUMAN",10183.3366150363,11953.6770611207,9417.8990043274,17943.2396303264,6641.16468092955,9452.18848127522,25760.4139676747,28305.0315573411,23547.5422954438,28620.8594295924,24099.3521463329,13409.6850671949,19103.8382577122,"0.625865588651106"
"2214","sp|O95487|SC24B_HUMAN",122553.774225012,192932.277986203,195212.371237166,153254.431496902,223944.672446367,200401.757512907,66293.2959184368,299725.499303185,335301.322444188,332373.606392369,338271.00534022,604054.915862327,638911.635474714,"0.234173701613483"
"2215","sp|Q00013|EM55_HUMAN",612839.111638147,536300.94168157,405617.183988648,366693.07019931,265831.177191279,264436.710452651,653655.694997946,129338.924941137,139824.241810638,192769.773469336,195824.086781102,42543.2933039481,52362.1295095254,"0.403679769551165"
"2216","sp|P05165|PCCA_HUMAN",77543.7754073675,47464.1509852375,68598.7061572501,57787.2043592543,58842.5598954969,52278.7752138219,23625.0362825202,55052.6253815464,52597.5108391516,96953.6445595587,91830.8855715371,111700.579518099,106201.001674547,"0.596763091570956"
"2217","sp|O75477|ERLN1_HUMAN",4988.25717462415,6649.96978179396,18136.7966025046,10669.9994116976,1955.94073078002,1823.49938470526,20731.8322602297,11671.027789645,2.63342629076659,4711.91339552587,5973.71504120944,13793.6477816839,14344.1475296023,"0.458582945037413"
"2218","sp|O60925|PFD1_HUMAN",158491.358100478,138679.407959372,110331.751168384,67179.1664264842,128646.403170847,143327.486274806,69381.8203419654,138332.595253261,147225.890638482,222716.312803079,182682.12900334,112716.157091571,69810.7155889876,"0.456802879612507"
"2219","sp|Q13951|PEBB_HUMAN",8503.96181848206,8369.51972743253,3574.89314439621,3719.2518514094,7115.49962285136,8187.378985097,2564.21207196648,4381.00996982043,3477.12847655147,24869.593320399,15458.3396344105,6973.86556290589,7194.69502053762,"0.944630924010044"
"2220","sp|Q14409|GLPK3_HUMAN",27687.7407074802,29989.1313539618,33346.1060397502,15818.1739383069,64043.7238848511,61892.7818400871,4193.74841287486,82266.4075093428,77219.316483501,55050.0775640652,45218.1537113928,67731.5697299351,71896.5187545129,"0.125428984395535"
"2221","sp|O00273|DFFA_HUMAN",108548.041887974,105211.401632209,188436.970823625,201383.794351883,209206.830347038,199506.365860642,89162.7820015899,125406.193690687,124818.409490634,202436.63920139,243355.115489613,97692.9238591138,121156.474871215,"0.836510855978515"
"2222","sp|Q9UGM5|FETUB_HUMAN",73764.4928355485,66812.7105183078,94074.7863523074,107971.84921803,87460.9441572613,104070.011829919,238837.260216563,68131.022241016,51275.8680459019,91941.6942096432,112445.45296061,54395.5295250148,52892.483977258,"0.470148795086408"
"2223","sp|Q9Y6W5|WASF2_HUMAN",421177.496110577,439621.233637821,464210.769876749,425246.699729862,586216.809724989,588021.257407452,313463.574335436,41844.5125920687,36689.9361933998,511231.011331704,430249.53780314,287576.666634725,256812.545138347,"0.211319780951665"
"2224","sp|A1L0T0|ILVBL_HUMAN",8708.51434376767,31715.777551204,23325.6922064532,20408.381014943,40761.4531058608,41380.2012589428,7640.03310439676,25609.1477566896,15112.1004527513,34477.0424725299,36526.8368898925,33977.5107356728,31955.0528280849,"0.674661763072754"
"2225","sp|Q9UBQ7|GRHPR_HUMAN",2020566.0836608,1961506.22611146,1913276.31673208,2400865.49216789,1285380.83440558,1284042.81202582,2442853.15023701,1617715.54575916,1924639.57033099,1202764.81569534,1030907.69310338,1362758.24530962,1403900.2258846,"0.825061947936696"
"2226","sp|O75886|STAM2_HUMAN",44863.1982136229,29979.7444387602,38504.7470683488,37758.1302941239,93424.5277195883,88741.3438589614,4240.75418198625,60491.6071438904,77578.8696626879,125419.301024995,156706.008622672,11558.1474554864,16605.7631733139,"0.755736004577013"
"2227","sp|Q567U6|CCD93_HUMAN",80379.6789956529,64975.4275873253,71898.9986950394,80880.8848427141,75538.6796138626,67630.8560546812,14839.507036899,112085.763217943,106529.054204726,60762.6019805928,93827.7823240361,75681.1197400858,72284.0393609341,"0.643235878308737"
"2228","sp|P29728|OAS2_HUMAN",33946.4629455085,24244.3711239848,8673.31421598714,9393.51715204224,69703.2128895186,59215.2850926047,2820.32217827392,54639.8002173548,59404.7706123215,39344.4496545603,42280.9235877435,78952.1973528616,89997.8855017801,"0.0785925612625485"
"2229","sp|Q99996|AKAP9_HUMAN",3870398.91798917,3314156.04563502,1016121.67343229,658876.778561719,1054219.80660107,1065303.71570635,2557445.21881213,18821683.8418315,16699703.4086633,420604.284684293,590547.887701412,15719284.7042183,15872578.7241888,"0.126801387434994"
"2230","sp|Q9HCE1|MOV10_HUMAN",24476.2462894773,9968.62412649879,18430.8820707559,26627.3493464314,38666.4327183683,49284.7225404567,8339.39849264856,104604.698431867,111213.722713127,83422.3497579938,91890.5377066428,59768.2442657044,49152.3581663725,"0.645784226985489"
"2231","sp|O60343|TBCD4_HUMAN",26679.2553020535,22253.3378825744,13788.3537751108,25369.21798413,18228.5476164151,28692.8543842528,12535.5454118079,42275.7767928039,36892.6030251196,17486.2968466212,12295.4765882394,50974.2054775664,55453.5067477735,"0.25104662346287"
"2232","sp|Q10588|BST1_HUMAN",32250.4092489614,25018.654332498,53253.4416403554,54778.5940571539,37717.9206497473,30870.8778308275,16944.7408577918,40024.4642466499,58252.7251457883,15867.4615446826,18056.9757389124,43336.239850613,38072.7819379236,"0.425344440400446"
"2233","sp|Q16134|ETFD_HUMAN",63675.2450746976,58296.0222280033,70595.4586153308,50714.2750862667,57015.2834746176,32519.724018611,5628.98789544326,56817.6111621154,47045.1005267371,45318.4398421587,77031.9869864417,23562.2958784517,26858.2114881932,"0.0781107705953874"
"2234","sp|Q56VL3|OCAD2_HUMAN",32374.4739595767,29724.0474602977,14387.2856541723,29285.9020214205,30306.2585807424,27735.7852734806,16842.8039021593,35570.0148075405,40226.7887162407,90766.9746668927,62934.0913881339,54661.8371755258,50253.5840598509,"0.572014558302846"
"2235","sp|P23229|ITA6_HUMAN",27031.5114444301,23330.7420399765,46617.9897640661,35395.3090299971,23335.5584436803,18518.913578048,43085.8443024134,109382.087347029,95854.1043655701,24862.590514454,24794.3066319482,64145.1532096811,82708.8726973753,"0.0899320632020632"
"2236","sp|Q9P2B2|FPRP_HUMAN",7990.70224407585,6406.47079584214,23686.01494868,30427.685885684,39810.1148398988,37296.0452168184,16859.1776406047,92748.0450236475,89604.8753669664,139024.418648673,122403.931558148,34569.2709470878,39264.1798911118,"0.790567989704594"
"2237","sp|P08174|DAF_HUMAN",138624.05459983,139573.521854592,170102.238651591,197303.116033914,207548.809264791,187403.865469702,86152.0379717643,58836.9990241284,51021.9599434491,39862.0330252033,48454.7637115439,44289.6482845389,42582.4100385695,"0.477867942513346"
"2239","sp|P01625|KV402_HUMAN;sp|P06313|KV403_HUMAN",549983.740618624,614563.10789459,2236289.87067229,2127707.96337761,509439.831814236,275619.512545409,942179.42132836,330640.249313093,428632.398664483,958718.273834925,1030795.82825057,1132128.21259911,1064597.50517364,"0.684080038010285"
"2240","sp|Q96IY4|CBPB2_HUMAN",222296.240917231,243367.224320512,360997.130078217,393071.447193979,250027.481246139,252819.167979765,162478.470360749,136517.934577856,115966.401011676,756310.802138317,749978.413837229,140076.918066222,143276.004129664,"0.767576431612356"
"2241","sp|P11532|DMD_HUMAN",50485.129849524,39796.5792150716,83756.1794323076,96491.0873277842,70560.2777646523,89555.5345073838,38424.943868601,14522.0504864716,4245.68923408666,38591.6330802672,16157.2668748465,13634.5020150466,10207.5126577003,"0.499648512248401"
"2242","sp|Q86XP3|DDX42_HUMAN",94387.9401842585,102944.685267171,102787.365125347,114104.699793508,77045.1419568434,80444.56573907,129035.999192088,142530.345510713,128329.848024538,110538.875523324,117499.261812746,88436.9119868618,107591.263771972,"0.770274948935317"
"2243","sp|P11182|ODB2_HUMAN",64352.5518554518,38175.8083714791,25686.4966512992,7481.05201165334,54152.5843212036,42043.9113650832,24349.9215205721,60885.6688646121,72289.4763720878,46381.4948663198,42055.4247427482,9949.77382347787,13682.8226460011,"0.376038325829715"
"2244","sp|Q15208|STK38_HUMAN",12696.8783526167,8753.64505253963,13304.5134422759,24408.8947448535,5211.92099515993,32370.3330595355,10869.8777630601,33076.8208160833,17678.5113603582,28029.4209622544,28616.5303861462,13528.6837135213,25862.4446283619,"0.839362587847083"
"2245","sp|Q15428|SF3A2_HUMAN",8293.78569048186,8659.98888565769,12878.7244831625,21865.7128074219,11773.1755108057,22346.7552661242,13153.3745763964,60137.3640186073,63575.8373779762,91949.2905842384,55274.3220278863,54511.9050392179,49975.1531727313,"0.395859115396224"
"2246","sp|Q9GZZ9|UBA5_HUMAN",2933.62218605959,1635.66803653037,1228.2743982682,1024.38607278381,1291.22140153743,2062.17620094519,380.508660914453,15855.3807725392,17732.6842061544,4202.54631186674,20252.910421855,7412.55444311651,10447.5559599341,"0.969932889444329"
"2247","sp|O00625|PIR_HUMAN",33231.498409187,32305.0593659736,18375.5729422793,29628.8759276461,29927.7264781918,28386.5603107622,22798.897009674,33108.4900662486,38888.240887635,18269.099992664,18505.8752252233,50882.1988180643,70162.1044707629,"0.331800631668314"
"2248","sp|Q4G176|ACSF3_HUMAN",44744.4674538253,35731.9665846573,2897.83502997645,4098.22273780094,23530.190951788,28229.1158713139,6319.06562636337,12472.9726181832,16580.9662274188,42268.5471057151,48590.0199365994,18031.6704904086,18324.3853616507,"0.059094435557267"
"2249","sp|Q9UK08|GBG8_HUMAN",49943.2841214093,39263.5220511235,117468.730507221,133384.575271452,69595.0810513045,69261.2805262648,111855.82842282,39313.9071834692,36750.9483861925,77701.6409329828,73583.7569190954,32472.2476509169,18824.5225410202,"0.462296697847964"
"2250","sp|Q9Y613|FHOD1_HUMAN",31750.0125129122,27132.2769576187,52214.4897776455,56384.2104399239,88978.5548540742,48429.2491092381,42577.7254785684,19720.8629438731,16723.9452520323,25031.0022144687,22503.073150663,8510.90772767806,13990.9643995236,"0.222982467808016"
"2252","sp|P16220|CREB1_HUMAN",8436.23385761842,8012.84593816811,941.583597328112,1553.52702119804,12700.0344954068,6825.69091156102,224.821510508372,11688.969810449,11631.6225075932,15661.5685649857,1392.02001092618,12482.3873862445,15243.0188787742,"0.271108462093573"
"2253","sp|Q9Y5P4|C43BP_HUMAN",71948.8876294921,75193.235257673,36541.4142604229,62697.0549121522,64395.1562217773,57666.2797732642,21572.615228939,34683.7627667246,16942.1830773555,35372.3265751184,43771.0187681538,38009.9485241229,29488.0676370689,"0.304227881083005"
"2255","sp|O75821|EIF3G_HUMAN",42087.8467543473,10558.4541367691,2677.34689318388,17425.995637113,40932.587385405,37440.3887910881,23521.0758746131,65609.3287106769,50845.9833796335,80491.8869152383,78553.4120598694,99752.8695477591,76806.1918598745,"0.51439093634399"
"2256","sp|Q7L591|DOK3_HUMAN",14579.6407062118,8070.50483269159,2287.47838060496,4108.02208233174,14532.6340106938,5724.9849805926,1417.66774806366,9729.88255502272,11904.8792997743,59205.8331729823,38300.4806968105,4294.16910913221,4772.99938051536,"0.875692560784503"
"2257","sp|Q9NPY3|C1QR1_HUMAN",101217.258553479,116258.862287538,257480.471540323,277388.327561925,198309.220151955,234021.063494441,135935.461166185,19604.6292490113,16035.4948202899,36151.1649807626,42978.800209308,28809.9988560277,34123.1629971567,"0.392823077329743"
"2258","sp|Q9BRX8|F213A_HUMAN",71754.6072099977,87774.8314175255,81356.7290873453,79529.0320090387,43020.366041217,42835.4333857344,7124.60261253073,164510.50343302,163012.363243109,62105.1452500063,51088.5145536603,167452.337475389,174913.398239444,"0.0896430004285552"
"2259","sp|P25942|TNR5_HUMAN",31157.4765384789,36175.1094886261,20477.9419463442,17269.8834766563,21291.2884012973,26234.8903085377,68198.1820911904,53078.8856753834,72437.375517883,41684.3692950546,47128.5862433574,42780.8255476088,41514.7690344508,"0.412103871213476"
"2260","sp|O60869|EDF1_HUMAN",19194.0222881077,26693.2693402275,7413.78027833054,8901.76302563129,11645.6061921419,15383.8137536706,20659.2964147057,16634.6350009453,33872.7263291603,118599.105563786,98662.5050777572,52646.1782002066,42298.2369926687,"0.84200482281527"
"2261","sp|Q8NFH5|NUP53_HUMAN",13702.5166604061,7251.24156187508,9295.94662899351,11647.6893401322,16980.0596388602,14094.5026450026,14483.896722259,60049.8923552549,54633.730998142,13509.9615710234,15060.3987367159,55169.5450751223,40736.8998882885,"0.0793612164707109"
"2262","sp|Q8N9N7|LRC57_HUMAN",240834.580995382,163697.897854369,277812.760423716,229998.324190653,382817.204995696,388759.267740926,124436.503404206,219216.273265944,223335.250232104,122835.854097596,147953.394274376,90877.3780950458,96200.6763879019,"0.407006962905796"
"2263","sp|Q16719|KYNU_HUMAN",431222.653100631,297220.600292666,50616.0010046302,31867.405161476,107121.147786925,55738.4837766737,51200.1839695281,274009.418451089,240341.391792896,119254.755998174,124232.623537469,60778.4708737461,79162.5308585162,"0.497233326009808"
"2264","sp|Q9H7Z7|PGES2_HUMAN",18993.7651277942,23778.7923912823,36609.4862792102,30290.6521234755,31875.8367558524,18062.800645047,61866.3636352232,58028.0927204822,44712.2145513659,48102.8971636796,48505.0486943155,161897.081802131,177808.806091664,"0.122115950506788"
"2265","sp|P56134|ATPK_HUMAN",938645.619853168,1182776.511935,1284007.74009509,1199813.45145478,1051043.15473849,1106980.76633452,833172.775639195,972634.781814,1081292.15651754,757257.214990125,981239.30385144,1740283.65072421,1728283.66761349,"0.214247863656534"
"2266","sp|Q01433|AMPD2_HUMAN",96762.2944912511,100717.143489594,122469.560948311,99943.1373629165,106028.616393084,101954.693252666,51743.2696524973,388243.243734276,410503.763887005,219832.892316802,265919.598041571,158900.311484617,183168.217777769,"0.574570255782044"
"2267","sp|P27487|DPP4_HUMAN",41407.9938663576,30319.9379841912,81133.9488900296,106543.399472765,65944.1795082543,50673.3409211196,32172.5730927384,47572.3001643591,64533.5879792001,56935.8900927053,28403.4337211333,44374.9604164147,54019.3165217761,"0.19874839880797"
"2268","sp|Q9H330|TM245_HUMAN",36205.2226025091,49140.5156139396,92736.8218414826,95416.1051021789,111066.61216205,92288.7960314565,41654.2569894522,12812.3800648702,7423.99735556706,37840.7132170807,23797.3498221453,22491.8090700495,19693.792571259,"0.414453407250629"
"2269","sp|Q99747|SNAG_HUMAN",43513.4241017868,41437.7134651314,70643.4223369172,67551.179029904,43250.5983587403,46901.6007677574,10048.6138733994,185671.187925503,133610.368150945,54051.360898437,63258.4170943676,68499.8873214784,20835.9181719799,"0.513358533467764"
"2270","sp|Q9H2D6|TARA_HUMAN",335075.441659128,355129.78105654,299517.455093907,341924.618361465,166360.019095176,185844.389979701,169881.724816338,87950.6790691424,83070.9766929865,150610.371147141,141376.295215544,55348.335769266,72076.488521164,"0.383347138227396"
"2271","sp|O43264|ZW10_HUMAN",934.24820545981,2223.64565137331,1600.48724540723,1541.51572028061,1530.4100612248,168.134999799709,13288.6584378612,16521.7485822828,16981.6900782745,7503.64124981547,4273.0043403154,1781.29100754712,9016.35970910228,"0.149026540628115"
"2272","sp|Q6UX71|PXDC2_HUMAN",34143.9847226117,21870.0814108394,24048.6619856898,38011.9822149139,64610.7303453876,66411.7934938743,33217.8288731236,8185.5969871637,6660.92496382431,22979.225483589,22859.3249433057,8733.37416551378,13184.6302043212,"0.187930849101441"
"2273","sp|P18077|RL35A_HUMAN",360116.60314483,320506.403742374,269156.835752351,338796.521907139,307396.471812461,331807.871776183,589204.203341637,238776.998414138,239470.853036577,417269.405236361,353855.095471345,322042.597633768,303045.749547864,"0.366692590799914"
"2274","sp|Q9UDR5|AASS_HUMAN",5417.91557613348,1673.10055312565,6940.04547977661,5701.98992508007,2683.67754482112,859.80641644566,3688.7093963882,22171.4523608246,43754.1215400847,3193.30421669704,8720.87073535033,110889.777133644,77568.4567139079,"0.111122822273728"
"2275","sp|Q9H3P2|NELFA_HUMAN",56029.4342903473,70413.2466418638,43182.4877236535,42406.6105284868,19034.0905786806,14542.87003314,44433.1653531828,37788.099758517,28183.234765208,73413.7683026129,61190.6883420527,94687.9429023989,76172.5789248061,"0.509655320920283"
"2276","sp|P02461|CO3A1_HUMAN",41770.9231433241,33608.0699847529,130625.04241922,146068.862300258,48666.515858366,48334.9026167215,55528.3186097293,664020.870945048,574761.675500911,1241031.5429898,1150199.0571472,164710.372262109,161408.517544794,"0.930347147018219"
"2277","sp|Q08426|ECHP_HUMAN",54911.0623158488,55429.4601487724,42994.8590346892,38846.7434719817,124324.604889242,128160.079417199,24107.2578788431,213621.889054537,191227.590936352,96154.8093089946,92493.3188734727,32447.8128894201,44231.7856413054,"0.625530435174234"
"2278","sp|Q96P70|IPO9_HUMAN",72861.4888324392,42088.5814148225,67504.3638083581,76639.0806728812,53673.0031451375,37007.6194358708,107429.750719,105214.731478876,120615.417554752,32568.1140183423,38064.0722291729,271725.597359072,266428.660918522,"0.167741341575622"
"2279","sp|Q96CN7|ISOC1_HUMAN",349005.653915747,334263.277181409,273769.763129945,250437.113293648,358375.684495556,436756.308116892,100661.599725727,117451.299589153,162835.591012831,259928.211978449,281671.985020042,152410.828290464,122850.060280772,"0.0824750088088365"
"2280","sp|Q5XPI4|RN123_HUMAN",35282.1892163754,31395.28705922,22692.0473364819,19852.5722337534,11985.3348699435,8761.70126192195,71874.7975625621,5151.64977243302,3689.81829168607,10074.5133670707,2757.75330198074,2340.93728526526,2814.52302572554,"0.531776753705254"
"2281","sp|Q9BXP2|S12A9_HUMAN",26784.8948180999,25402.7351473604,7168.29733002753,6685.72580192,25824.6556292691,26680.3038353452,27795.0236612039,46664.2334878647,32709.8216076688,40653.4918733761,48582.854707303,27460.6311324321,23439.0356148263,"0.8261341976149"
"2282","sp|P36639|8ODP_HUMAN",120797.086111242,134090.930843582,40413.7592601737,33912.8161754113,64488.6906007039,53543.4364272239,56429.3959204296,279236.72673235,308091.078520473,64865.2063863056,81251.7055433745,116979.486068494,134686.850928786,"0.439539516461804"
"2283","sp|Q9BRF8|CPPED_HUMAN",108242.492274258,160625.413996954,226406.006599022,217948.121735409,133598.36383481,103946.788426516,107241.109630749,95187.3971391905,97283.588974064,45765.5816893219,53248.0580002604,72976.782262273,145442.132680643,"0.952893888788971"
"2284","sp|P20701|ITAL_HUMAN",53718.3607581454,60672.9221712487,35904.4677688694,38349.6743361646,87484.6427536099,83202.2672885307,2332.98860611853,66853.4729245665,70606.7777239629,160404.372182293,167517.875419217,65176.7383286383,73885.7003314066,"0.966175074096841"
"2285","sp|Q13442|HAP28_HUMAN",445995.347137686,343815.277655481,405615.678294825,332051.89221247,406509.542309314,415523.992827214,212378.286735475,566183.526445144,506228.891234827,473344.004352025,462904.860479843,477287.155081853,490408.458447245,"0.0997624046785606"
"2286","sp|Q9UNN5|FAF1_HUMAN",145079.567087129,147021.991697572,137767.977449444,124240.829369442,87170.3340983927,85360.318755064,196229.694330064,212939.987914596,201932.794437699,104002.935674761,111307.650374847,70338.4916431437,61091.4446965218,"0.568982008350811"
"2287","sp|Q14515|SPRL1_HUMAN",13518.090418077,27765.0925059383,35110.8385712125,56784.0663413772,212402.087861698,182310.739125746,27123.3865653124,19122.3856792447,21844.6887422062,142264.688947637,126014.213792308,48672.1037714058,28310.6300103485,"0.95993305626297"
"2288","sp|Q01780|EXOSX_HUMAN",18499.3629900224,33982.3019843684,11991.4824882634,6851.71444504092,40767.9272938801,29183.9222448218,1709.2236490662,84842.8940024036,87077.7935753684,50695.3287569873,57039.35129672,59310.1879705389,44088.0334579466,"0.44641833198902"
"2289","sp|Q8WYA6|CTBL1_HUMAN",50819.0691325785,85409.5066053579,82216.4026114806,77316.887781517,102007.097986018,80338.0834724919,32037.8014663261,183552.457851806,187650.08730103,138838.882610712,165523.994051877,215312.023524461,175908.686420982,"0.437571992294554"
"2290","sp|Q9Y5A7|NUB1_HUMAN",35749.4994837614,12640.274019162,53295.0812410178,63434.5343390679,64840.2150178575,79864.6751541032,75632.4527759476,112909.345446006,80176.0749969912,38846.5230522943,43760.6481915362,62823.9339218761,48495.6043120086,"0.136737813209056"
"2291","sp|Q9NXF1|TEX10_HUMAN",19510.2256352336,21865.468633226,7742.66814083295,11916.2625112507,22764.0848314326,28388.7655795633,1228.96988605142,26748.6632821441,39785.4949531455,40663.8080733411,32837.9000872124,22809.3284572808,32087.3272096415,"0.448071675357137"
"2292","sp|Q86WJ1|CHD1L_HUMAN",3641.84096745776,3674.36174607097,16303.7113637381,22672.286366311,15188.514390481,16502.1607705259,21104.4916000746,69083.1863638696,66865.2769330584,24195.7102811245,29637.8813786486,7994.87290647986,18408.3229325345,"0.507312267320501"
"2293","sp|O14498|ISLR_HUMAN",42059.1318830333,44167.8310980007,101824.812285434,117413.706292213,84103.4279892873,73106.7204286757,49493.1357968338,50046.1924121885,52344.150181085,509735.48469343,581447.805523795,72288.2685234102,60563.216700836,"0.871903302612444"
"2294","sp|P26006|ITA3_HUMAN",127546.703086011,111461.08516482,353446.530218519,329664.26408362,417836.293765737,342377.494303518,215412.535480349,78274.6972386174,68188.9034030577,78089.7496727608,70735.9034534508,47629.8871359212,59641.5847073429,"0.435820172431771"
"2295","sp|O76003|GLRX3_HUMAN",10349.4460019679,20480.1301949521,3489.44260698068,9267.1392911962,7323.19967676401,6751.68152514322,8600.38399808856,23388.8752740015,22082.4414441081,8437.02908268209,9403.18228895615,50027.9483642757,52988.1172444364,"0.125186685809279"
"2296","sp|Q9H4E7|DEFI6_HUMAN",33838.8506185885,43553.8858950953,42389.5076883787,36666.2426765866,35133.0922406127,41181.9477783476,56648.8933573255,44242.6108067272,36065.0083828345,48866.9443930728,81747.2776359301,29163.7037477894,29412.3762242973,"0.690481952357718"
"2297","sp|Q9H0R4|HDHD2_HUMAN",89451.9686085644,46860.242543582,174804.90419895,135060.877429222,108183.414033779,82064.0464554682,281507.948906469,147890.676576767,185313.213973852,109820.726813975,128448.339288326,163522.765188009,146669.502438912,"0.248410989499599"
"2299","sp|Q8WYP5|ELYS_HUMAN",22915.7593250917,24448.3705601348,19667.9006269103,15944.13255748,19757.0115867431,16548.2798210703,15716.4733008164,21399.0706935632,31018.4529530305,27958.9217129349,25404.9893583499,44642.5410535634,38116.2791259828,"0.0581052325946969"
"2300","sp|Q9BY44|EIF2A_HUMAN",9946.70349311605,4883.00529353327,37984.3490214308,30399.2778252367,9862.94475232474,14045.8103585835,8247.39636874404,99548.9811956937,86603.710572936,38013.0462701473,26745.9471156694,96691.7071285706,65132.5380420828,"0.0401999007943178"
"2301","sp|O95466|FMNL_HUMAN",280581.398180914,207323.805476734,190555.080859218,170600.412346942,159792.21614439,168506.428925917,227964.139863259,227521.295398709,199366.480413173,230494.865392297,240707.134058685,102886.060080637,86049.461099276,"0.0689639159529156"
"2302","sp|O95347|SMC2_HUMAN",4234.32728507484,4380.25636197562,2586.56616269393,1294.6166868751,2647.50962158194,4077.15937556057,11662.1006587966,27324.1723802277,58148.9648041947,9803.95879873019,9335.7127325303,15178.2993073029,17840.6049546864,"0.175141108484953"
"2303","sp|Q14185|DOCK1_HUMAN",30069.6277089869,20958.2863831862,49251.1306760857,40029.1085712723,34457.8845639995,39458.1512543011,34434.6628130099,57783.1821018748,68406.8019846535,64398.3570412109,50768.0026910022,6160.81963749626,9860.31002851137,"0.977756024510148"
"2304","sp|Q16656|NRF1_HUMAN",2172.64563622063,6386.33047340372,4914.78004944032,6499.27591209725,10720.5405128326,6091.92178957243,14518.3398234512,14592.6379569663,21968.0858682135,12922.3362175447,8149.74188949017,21948.6918223989,26550.2792793864,"0.0480207509931877"
"2305","sp|Q9H299|SH3L3_HUMAN",928459.692192897,762827.57817612,536567.551772188,562362.467394297,735525.453156123,752204.146871182,757682.627372819,858624.963417487,733330.465672509,847409.668213263,746472.153929004,851302.246185872,853857.091383282,"0.792399653228127"
"2306","sp|Q13243|SRSF5_HUMAN",24787.9292532669,22745.9897198154,43127.3951845788,36082.7722998503,2289.69950957639,3529.16923595587,2570.18129262728,6057.24451335395,7884.8397178945,14135.7452958549,21967.2532996202,99048.700677683,106838.97936869,"0.289311673345352"
"2307","sp|P14406|CX7A2_HUMAN",2499198.22289141,2369451.78400209,1587500.94648259,1555901.64651672,1750936.66187455,1940856.57492305,1323079.06006104,1574076.05069365,2213192.57985692,2047922.51708725,2244550.30843351,1622352.78719368,1517897.9966208,"0.0907605561724214"
"2308","sp|Q9BTT0|AN32E_HUMAN",354562.595196693,422355.776674214,529024.636270417,441249.424913662,294949.104391985,192860.393031586,993620.639743874,427036.854818258,473372.490237428,113445.950891263,86620.4920306845,193856.905848652,205111.81230583,"0.972178681100025"
"2309","sp|O00487|PSDE_HUMAN",449770.329816719,456199.906784685,300294.459895033,368529.166117139,290517.468317022,267766.666931501,351917.862339908,424323.462109227,413818.259677082,376372.142382231,475558.661537938,431988.820941161,453509.974940119,"0.198722346277989"
"2310","sp|P29218|IMPA1_HUMAN",604037.32302156,461223.462398414,527115.608149858,483145.089198463,454056.335623883,452638.602229949,481022.674195719,367497.736080861,373860.496891431,403502.03458955,445383.333515538,397999.591156295,433247.816362975,"0.382530440514425"
"2311","sp|Q8IVD9|NUDC3_HUMAN",44456.4474929601,52095.9320776042,72207.6794785513,88301.7425368049,62936.5675387645,43093.8134226755,23058.4397107175,81154.2469917921,60208.9342066395,1056744.42238191,1104944.62283753,82514.9673867232,99363.2008663541,"0.891660109512156"
"2312","sp|Q9UGT4|SUSD2_HUMAN",738102.948741385,647257.008601402,1276013.72758962,1261387.07776493,1987258.26399819,1698629.19852932,569205.267666385,71721.6028460025,73111.5791680977,149957.402996869,158135.714644953,99113.9945557585,102277.042918092,"0.45701839956578"
"2313","sp|P11684|UTER_HUMAN",169811.603804403,143989.635931935,864335.328048511,731814.948351769,195004.272394181,214779.695187788,758985.788047099,2701.59251023629,3181.09641308828,51879.5131668007,46847.6072315009,352739.815480513,271577.490502469,"0.713371619352707"
"2314","sp|Q9Y2S2|CRYL1_HUMAN",335768.490266812,391941.559169575,287193.906292929,347290.132229372,546434.581235719,560804.079045104,229658.212745063,165575.830135487,152269.277539313,236549.50353344,197793.25395101,159567.883038491,186689.77191729,"0.446276023679733"
"2315","sp|Q5VT79|AXA82_HUMAN",22686.7719478243,21146.5418471575,86804.5176472648,40217.0245785158,31879.4941562626,34377.8697600011,21242.7696150375,23096.8577943892,34557.2969816403,85883.0839945419,123172.687549496,53097.1449501823,48781.6302814009,"0.952187603823625"
"2316","sp|Q9H8Y8|GORS2_HUMAN",164996.105758687,158875.924937662,120076.364300948,140961.450767103,150579.644560357,157642.37784418,224683.803554835,218788.590609729,215184.411621463,274443.01679901,274370.91668669,212798.66716028,248094.336001353,"0.724559496885039"
"2317","sp|Q9NT62|ATG3_HUMAN",311209.070936017,294613.053334318,234145.73578805,240212.228886812,232065.823448852,299824.561054003,401628.796233675,190277.632801233,193061.794345047,388185.910275018,360624.183902448,248753.150468851,212553.272892442,"0.291153878275959"
"2318","sp|Q7L1Q6|BZW1_HUMAN",58240.9873182803,50260.1157843351,66968.3239077033,80886.9573464737,72966.2900029386,68889.6151724622,104049.749726693,164740.027703164,162799.713353493,127735.265868903,127421.639619712,120292.059905832,131090.277246745,"0.439853621013999"
"2319","sp|O94903|PROSC_HUMAN",268750.290629386,254898.130672027,161183.764419469,157627.355994236,582692.470891256,550251.508408532,106377.478899204,536659.408326813,440406.088045662,477644.857711996,522985.406868325,342697.714895124,422328.153717519,"0.782574404753738"
"2320","sp|Q9GZT3|SLIRP_HUMAN",74324.2789249707,77242.8751821312,50253.1949462571,41584.7395191842,49668.9250558766,67498.3831748035,21636.8394469461,256227.977760516,184731.74170987,147214.176739103,109799.349404262,104091.32105346,115060.524046464,"0.196252068191957"
"2321","sp|O95232|LC7L3_HUMAN",57828.5467404622,44738.1756887849,56271.203513636,66973.3669061008,57385.4899008524,83781.9618502587,51571.4821994131,238468.769177145,198093.774356388,169538.713626192,171740.701137332,160427.247197276,168257.475441999,"0.488333918983959"
"2322","sp|Q10589|BST2_HUMAN",139007.49582983,148587.84654387,309705.988271854,282978.523252502,410354.779121867,416827.419209782,263835.220167098,58976.5003722231,52487.369102725,52051.143305072,53910.5269217456,97142.2128265518,103331.37115694,"0.664970967743031"
"2323","sp|O00483|NDUA4_HUMAN",570064.038461615,667019.992460747,485890.568586668,299808.295018234,354103.139151008,449537.494756023,354162.260703924,263181.260175781,312088.899719057,363481.869647292,470936.191313257,321022.007287885,393573.457125744,"0.140901672368404"
"2324","sp|Q3ZCQ8|TIM50_HUMAN",42320.5067893574,31751.5811902371,42999.5440180125,12803.2761858739,37014.1310587542,44044.4164278735,13512.6291691343,28182.9161438123,28345.4623061309,39546.9329094313,43790.652909282,40210.3432404962,46554.9550652796,"0.345984705471977"
"2325","sp|P83111|LACTB_HUMAN",102491.821250733,138484.991559528,57935.2705277494,54811.6193685938,63264.6905578325,56075.5060567216,20833.8704477078,34757.674713702,42131.9286042429,70143.0751542717,69192.9822098407,42647.9571046235,60962.3303453147,"0.30825946078959"
"2326","sp|O76071|CIAO1_HUMAN",301823.299086306,479892.968466849,196972.573270378,153038.578981788,203726.265740264,137084.032990886,575333.413622274,182774.070513994,213639.680292951,209017.019990379,187848.115672769,156437.027356803,214501.587781059,"0.5484262130113"
"2327","sp|Q9H2H8|PPIL3_HUMAN",237589.616441553,209834.017338054,133358.846735593,129331.488017985,152694.407473049,132627.483006405,123965.398926236,340407.569076718,451117.747635813,131292.128109596,161098.89918754,259749.472027396,253581.633454387,"0.480118467723373"
"2328","sp|Q15555|MARE2_HUMAN",80248.903648474,64018.1270809833,168177.15427903,116199.550560312,333078.797178512,249601.835449255,118788.202000801,86831.9445648176,88328.0593643627,230997.714620684,186896.106306215,80680.9199782114,56295.1957249007,"0.945239092864876"
"2329","sp|P30520|PURA2_HUMAN",431614.721903193,526286.832107416,415644.503312089,500136.91847598,384651.59924841,296771.024838651,295722.056647877,347944.607249199,429219.659111803,422358.708298091,422158.67435566,836795.176961606,971304.563696085,"0.18766086809398"
"2330","sp|Q9HAV7|GRPE1_HUMAN",122719.466070557,103021.592438146,52643.7603825819,45074.8729168823,79040.3093455726,85378.1346071433,26501.8133510742,172387.695130585,167883.775771519,111809.575884773,105080.431926987,62561.210845995,71232.7348483332,"0.641999056553432"
"2331","sp|Q9P035|HACD3_HUMAN",41206.46394678,67241.8317665008,54625.5474704843,142929.071723048,99506.9205940341,112083.126401282,72721.0482241818,123256.635424863,94783.5228383041,113072.061448435,115838.03494412,137485.365246986,109528.543550343,"0.511890669949708"
"2332","sp|Q9HA65|TBC17_HUMAN",67490.8358099612,60691.8574565283,98378.562871438,96808.1910665333,72167.0256010724,122382.897078698,80698.270591162,64027.8393806285,32210.6177952998,100239.628448325,106635.930817637,46233.6304184402,37975.3637925986,"0.452391285761046"
"2333","sp|P22894|MMP8_HUMAN",64595.3096878374,59052.6518526862,248550.330175857,251015.554194537,26876.4346442038,20944.2123711129,98433.8479358816,150273.332849133,165011.745815702,39094.4911037367,48622.4425746123,46664.562402649,42136.5751118203,"0.667087253703585"
"2334","sp|Q9Y3Y2|CHTOP_HUMAN",3695.72264899655,45061.941847908,39298.4580078921,42644.5168692076,81304.3034857227,66797.5353411668,18381.8579272867,62901.5093652417,74735.1444062008,78066.7663998959,95974.375714278,61902.9628365252,61469.961242535,"0.688079216848253"
"2335","sp|Q5T6V5|CI064_HUMAN",22024.4999694775,23280.4445686259,62639.5265694892,59906.6028175389,56047.0316845552,38469.6898776846,47429.1162428244,36415.5752226743,33211.573844381,59146.5839244862,51149.2700266753,25598.8560947249,32955.9894801748,"0.840037297032675"
"2336","sp|O00584|RNT2_HUMAN",165085.160052481,139562.968109649,98078.5514414949,97291.739529507,342391.89949397,368684.870099222,19358.2508540404,880261.334736583,912162.948942459,467827.366194915,449176.650865281,449667.037195223,574036.008857733,"0.265348294817695"
"2337","sp|O60711|LPXN_HUMAN",210654.97829347,298769.510172438,213761.881397952,254711.538502763,273329.655473888,235585.151388369,53077.0209520786,274755.116140461,273945.786146815,307801.163729181,390786.284988313,290966.687439684,197588.611340055,"0.941023495060693"
"2338","sp|Q9UK41|VPS28_HUMAN",155075.343037659,161178.529743165,192935.91511014,223108.587113829,94604.4525177693,79331.1327962913,183728.915117984,132374.614904067,142959.291764455,97130.191884317,87761.564591066,133127.279884455,122908.531126068,"0.913823340738059"
"2339","sp|Q9HA64|KT3K_HUMAN",104931.636224493,89077.5699802964,63118.0771295191,68468.5244905376,70811.2449760549,74831.8958324865,148998.812371383,45301.9033184497,50521.7327451468,52991.7547748404,52058.6139775437,53223.8756036431,54183.2116077594,"0.506479275446173"
"2340","sp|Q9NWZ3|IRAK4_HUMAN",52293.7006561039,79422.0258597947,56704.7258048822,68724.7751321076,45217.800700015,42730.9503578212,83496.8221384065,77821.749011539,73622.7084205488,58826.4271029802,66644.6623845586,96297.5247025075,94254.3271647701,"0.162858428681515"
"2341","sp|O95674|CDS2_HUMAN",196699.298030831,172930.668049454,271204.496014116,150986.615671555,166933.949504712,168184.318877333,63343.5132977989,99208.8440265708,100429.720255826,154281.657158326,175233.339856203,173788.442503274,164011.046508449,"0.134230859246583"
"2342","sp|P42285|SK2L2_HUMAN",98791.3452250131,93977.8816598552,89270.680719688,89236.7911083425,178031.080911568,180080.32492594,50415.0949208632,278575.343118184,192781.296784682,203055.530166915,184477.981196053,173917.001934286,147924.786194304,"0.52805539244263"
"2343","sp|P52758|UK114_HUMAN",276830.811144641,252451.827908337,155135.619589698,147419.051372346,32193.5386430902,38098.7604678494,220952.384853758,90904.935085448,85446.9688273843,50664.9681823322,62580.2965902814,93110.4302568505,112855.335146682,"0.558774003163819"
"2344","sp|P09661|RU2A_HUMAN",98108.443525986,94050.0101786328,58356.6735943241,56173.2670669824,95978.2199511938,92511.9937907969,42389.3996861902,46467.2108219225,44771.8605348091,151531.338621726,119974.005258021,106076.03935092,105162.001344883,"0.870045954029831"
"2345","sp|Q8WUA2|PPIL4_HUMAN",31204.6753181144,22871.7592724576,62504.3024236609,54448.311203298,120576.151657217,94410.8611823815,100462.67190457,95381.9142280595,95191.4577368321,71344.0644770703,86305.8480635258,80827.8062142492,80452.7118787551,"0.541415346290312"
"2346","sp|P83916|CBX1_HUMAN",48418.6365654605,34397.730560246,29339.0284684803,10131.9393635832,45877.8696207486,70683.9502872711,115075.490323316,111565.525876629,135847.537552358,76213.9226852866,60792.8446045278,322327.818008847,326534.623045801,"0.0908360973256696"
"2347","sp|NQO1_HUMAN|",11243.2050812146,9285.21138969127,17014.16585729,16926.0978359648,23319.7158035477,14085.8892792078,16550.4496649429,385.892800403947,2795.5309466739,9382.74446711144,6663.26010719154,151753.400982162,131938.316849289,"0.1974586576531"
"2348","sp|Q2NL82|TSR1_HUMAN",17234.472088376,11980.0857047518,18518.1784602458,9786.47704195276,43828.0214933348,52729.2713607131,4930.60611413108,75851.3086725818,67746.7006800663,81180.8602933071,60137.5796887171,33852.0520141797,45685.0134715703,"0.531229635069548"
"2349","sp|Q9Y2S7|PDIP2_HUMAN",46361.9458223808,46284.3481973175,31946.5462247823,22790.6339221923,20019.499476814,19360.8203667115,15049.0200854837,38994.7472987898,33890.1584220368,21068.7533755846,25573.3660296155,42675.7077350287,44989.2274922488,"0.863314972027845"
"2350","sp|Q8WUP2|FBLI1_HUMAN",61001.998990039,62856.3259762644,113010.267220262,113163.551367587,114679.986120987,114433.763604704,5710.19657818011,94375.9516917651,114071.5791677,214072.635116808,182168.922147063,55397.4774575671,66954.7475602467,"0.950267825190183"
"2351","sp|Q96RF0|SNX18_HUMAN",92650.4968766004,78737.6836599777,93825.5334126426,82334.1326230925,68628.5808026542,68007.6213417768,35799.955341282,37518.6266698954,34675.8100396375,86987.9942047253,85893.8163631445,41669.7015668361,39220.566433079,"0.0543012095890243"
"2352","sp|Q9NUQ7|UFSP2_HUMAN",49292.885168021,59208.6686457634,82148.6336966913,81948.5341679791,90770.4183793226,62291.2615349216,15226.4609029305,124396.484653019,105467.099149004,96157.5511782843,87578.8133620656,95460.7024682232,57318.5340809506,"0.47449821370669"
"2353","sp|Q4KMQ2|ANO6_HUMAN",110493.235463157,127412.016098843,300235.574706786,295892.273806457,126841.424365323,124157.385343876,502387.510779034,37215.0295808009,34273.8950286995,33114.1978684447,34579.5449200562,55817.5539926178,66179.8517548977,"0.59690588879236"
"2354","sp|Q9Y2Z0|SUGT1_HUMAN",72658.1765684602,70319.2982062708,60930.6873431992,73847.6304241264,75691.9887548842,87945.8649794607,167881.949416421,81794.4094779707,94536.667078471,109925.867145178,98021.3001329403,96488.0377307725,77628.953713885,"0.571461520500697"
"2355","sp|O14786|NRP1_HUMAN",160577.588428547,170167.993038726,268713.265740147,363821.519422526,237239.001060008,254243.223926847,291423.631649833,90214.741226673,88834.3354267206,165463.435638514,154374.56529115,165286.507961328,162766.196505983,"0.53609281402104"
"2356","sp|Q9UKD2|MRT4_HUMAN",32012.1713289463,28192.8215600091,10813.3015513657,11306.1013137588,13696.7892408021,9587.9438474242,42985.3310078882,62601.570989571,46063.1125216198,52262.9929514795,60895.7400303355,54342.5866046606,69254.7382375026,"0.609270935502503"
"2357","sp|Q9NTI5|PDS5B_HUMAN",94922.2219771191,83224.002395637,145149.981358464,134090.163931329,135859.399567356,168047.638602818,57347.3649797364,120911.206552749,119499.532542979,225698.723375542,206017.190702863,65311.5791522306,86219.6454211436,"0.893214791224186"
"2358","sp|O15498|YKT6_HUMAN",77127.0641235686,112920.596981978,230566.990444956,63987.7812936008,191432.332419628,137434.915373859,168043.206306272,410044.357471265,347909.43730772,301284.516764326,310449.098051741,216244.579964474,229107.38306657,"0.589482210331816"
"2359","sp|Q96KP1|EXOC2_HUMAN",119855.001930794,119483.941515464,104560.616825177,129689.429110927,105183.802192121,103881.493273259,45774.816955855,63905.8396752504,67214.5332156656,23886.6492567791,19502.477567017,62551.2525850878,75649.9112468378,"0.759996954707773"
"2360","sp|Q5VW32|BROX_HUMAN",54394.2753766896,48879.3311761725,16719.8369808508,14977.4499307405,6583.37561028036,15666.9713793886,74342.4641107562,43098.7862499054,36418.6643593811,11886.737150797,10076.4629977034,41772.0980219164,50155.9928567337,"0.938884913169614"
"2361","sp|Q9BYX2|TBD2A_HUMAN",78812.4392825,101319.431959532,59387.1919610196,59814.8110695128,81982.6947378651,86420.6952355122,17336.8177418458,67863.646603034,91720.0105283154,46133.1047373737,51181.2198769887,49931.3218674577,43428.8151589847,"0.657854779724429"
"2362","sp|Q9NY27|PP4R2_HUMAN",25145.089930191,37952.140304078,32257.1992307836,31493.7227185529,75595.9618660649,84384.737875835,3040.7846665828,195657.143409693,200443.927419991,82630.7533536849,79209.7354690851,122727.789000853,119809.8716354,"0.161595466695287"
"2363","sp|Q4V328|GRAP1_HUMAN",18351.3057180725,60090.4257860928,55501.9621821617,50770.6449489987,65954.6275783416,65651.612280635,39881.4942994961,51439.1321134349,66403.840690422,40249.118214495,33367.1900470254,32265.5233444893,38626.7745834989,"0.208744158527648"
"2364","sp|Q7L2E3|DHX30_HUMAN",1654.59777212465,6298.36611355173,30101.4978126933,19955.7737881985,32049.2814624386,17290.2101129681,15611.1516827107,30267.0425517658,20899.4530971291,35942.1538717252,24321.2889749867,17506.6142642364,19800.1759358582,"0.51225151194964"
"2365","sp|Q9NYL4|FKB11_HUMAN",29881.3455770031,27846.0121471559,48054.2089237561,63249.9049273369,45325.8628578029,49195.9385768287,80559.5978617603,90611.1471757886,65654.5879117144,132962.873989151,180034.4562401,163039.448573323,165563.677616775,"0.712327753528808"
"2366","sp|P55160|NCKPL_HUMAN",14614.9264549494,14709.3185719484,557.803895280904,1880.85510505229,3581.06810735817,9275.99692469376,6374.32611482026,14571.2324668868,69101.6922271221,7346.95516397989,10582.7040397949,52157.597304556,80052.7011534741,"0.10428615330807"
"2367","sp|Q15036|SNX17_HUMAN",15012.6386067806,12219.3149365767,28003.7472399893,26222.9628420927,58908.5147637546,46622.1075029094,1038.44508037325,78034.3077775075,50940.0900277784,58701.0733187511,57696.6886354433,116355.805511748,146286.708659758,"0.188193405913892"
"2369","sp|Q8NB37|PDDC1_HUMAN",3337.69476026343,15356.6122666931,19423.6623421575,51483.4753404689,38169.8587364201,29495.6386917145,8699.89330307162,21941.720172717,10199.1750327602,6998.08759912931,13506.3075022543,27510.7701690419,29652.0799200379,"0.279438181983307"
"2370","sp|P54619|AAKG1_HUMAN;sp|Q9UGJ0|AAKG2_HUMAN",201293.749394196,227418.428823473,234361.129500665,219511.748288221,145506.628653734,166715.356511416,132350.213540925,481324.536697616,467543.720666894,144362.894022317,168078.712154942,90160.0508401437,99614.3780889712,"0.903025996986362"
"2371","sp|O60271|JIP4_HUMAN",33990.2654720732,36729.7157064308,3485.59621384779,9259.99073164224,60031.4156688992,73588.4804997597,4812.29164971608,40637.3901864659,33725.9446167371,32526.5200990387,33992.5459759182,72408.5062054063,82074.6402648961,"0.193060411453988"
"2372","sp|O43719|HTSF1_HUMAN",11146.5847288952,25284.6875005756,4604.43399663472,6131.49488563399,17499.5452489047,16009.1751995184,36799.1677408121,38115.8390433979,38563.3256793573,5066.80820481761,4276.00932021663,44283.1082559847,43307.8838823931,"0.107718246102668"
"2373","sp|Q9Y371|SHLB1_HUMAN",147800.448340606,120567.491438027,79714.7950779511,82310.941319962,364171.850602264,371029.468007451,60426.6740384475,122444.09996359,122775.318255211,172959.050753288,173151.529412159,143900.860253564,141803.412833758,"0.603104999689406"
"2374","sp|Q8NE86|MCU_HUMAN",66502.9811848881,78089.3074759723,35798.6647473597,40963.7520844539,64276.4821657296,58247.7044185584,42272.9192072008,54386.501308499,59904.1047981176,47890.2047805473,37723.2668603468,58634.6192305711,67382.4699406179,"0.905283763477959"
"2375","sp|P22033|MUTA_HUMAN",64211.2677931225,82944.8642406905,81039.2894213255,84102.9256555888,41257.4895530927,46045.7555984655,71831.2442900998,58648.3247037256,54370.7808495458,61016.6851832013,60234.181801293,65397.3939317467,64884.4858701196,"0.733984980887309"
"2376","sp|O95182|NDUA7_HUMAN",10143.7780959171,1745.22909495078,1468.34607284487,756.253985132199,12545.8317324193,10614.7130573701,4011.99062082654,3386.12890947437,4536.24343686292,25345.4829125215,30037.8521346833,3441.41948562369,3807.40995887089,"0.629278499306739"
"2377","sp|Q9BXJ9|NAA15_HUMAN",10040.3348078242,10024.4772467242,21521.7267315978,20764.9973035325,10030.197708079,14568.0158541389,7164.68201246854,104735.795158409,85081.1161067127,28676.9614912466,51929.5019581816,36691.6983606457,36458.7352274694,"0.566151612097941"
"2378","sp|Q9BXW7|CECR5_HUMAN",10153.2484829451,9386.04244642231,4483.38613989854,2824.71278490163,6034.75000101139,2974.34038655242,1140.79581263161,28201.715734778,49283.672496557,18585.5085089164,6901.03512209349,25344.3709115223,31189.5911166517,"0.0643434451273325"
"2379","sp|Q4G0F5|VP26B_HUMAN",16288.1629641372,11202.1831968865,18452.2556531588,13816.1204473021,14744.9722858485,13827.5262019448,64469.0314700681,6545.91884345574,11463.2564946517,13596.2695107301,13394.3381584153,17212.297528722,16308.8655545596,"0.824286050584032"
"2380","sp|Q9NUQ8|ABCF3_HUMAN",14634.0399531441,10755.9991319028,41022.3385835325,14768.9126340674,14429.5791918087,17330.5581101287,21429.7783500303,122534.207254454,124176.354257574,78650.6608393815,53334.5727914355,67805.0352848818,77375.5797397108,"0.19004790045157"
"2383","sp|O14841|OPLA_HUMAN",87303.3207731745,58972.4039120187,181391.913944929,192473.303370219,87223.7819100631,52863.5696597413,42222.0291318953,162470.987415735,136809.4952801,106515.079125954,96103.5670840351,34137.6181194755,34174.7375537924,"0.65113525501426"
"2384","sp|O00139|KIF2A_HUMAN",50351.3062146032,44979.0774000721,74903.0538636102,85306.6478274984,110931.176771456,105196.399305414,97900.696943395,41324.8193864569,32609.5544389364,117465.971024183,124911.170169574,87340.3850682183,112073.858336774,"0.881051011786237"
"2385","sp|Q9UGQ3|GTR6_HUMAN;sp|O75762|TRPA1_HUMAN",376797.845931477,263468.585008827,547453.510360302,925612.250220618,257600.706787954,330710.478279508,378378.71085184,279460.871617309,260229.659768308,712358.595480549,734171.340152001,383921.550048872,303167.504297841,"0.750214777364498"
"2386","sp|Q9H2P0|ADNP_HUMAN;sp|Q8TF66|LRC15_HUMAN",90596.5466450267,60821.5655781181,145110.122495636,119108.481536135,88344.2000176107,95268.0504184332,104019.153087077,186330.023297373,220918.531737354,191717.2299963,153364.078655875,31688.1218465109,36247.2930916421,"0.928451385530313"
"2387","sp|P02656|APOC3_HUMAN",4233668.9270327,3835979.27174507,2654506.49016008,2519940.37658463,2831602.99195482,2610746.28395832,14777703.8537955,418424.536395807,392064.84060103,1180824.26261951,1060531.58945941,504974.672760474,496047.313684323,"0.43806604885691"
"2388","sp|O43236|SEPT4_HUMAN",32813.8691604588,34575.6643952318,34090.1379636202,31040.4732586388,243045.854322661,238620.878370531,21083.8487372773,45225.6418171172,63848.1558039021,50811.9040624949,87610.5124637279,57483.4785592445,65277.7339765287,"0.8903277654518"
"2389","sp|Q66LE6|2ABD_HUMAN;sp|Q00005|2ABB_HUMAN",6415.55661422373,3261.50689839492,9709.43610425329,12593.1163183492,96367.141960998,97949.9030043824,2980.30471237141,170050.375034385,53808.1939577292,12714.1254870053,16494.3304020965,453329.597480502,334662.688238616,"0.151499419277544"
"2390","sp|Q8NHV1|GIMA7_HUMAN",70519.1898534508,75852.7940458408,38437.7960895907,41823.367166465,127948.118968906,130609.046516289,6916.52106644356,12786.6730556588,23824.0712870344,53105.0892608969,50590.1436606958,55805.852463037,60517.5575608482,"0.428653289448747"
"2391","sp|Q460N5|PAR14_HUMAN",5021.51733813925,8264.9051738144,10823.6171631814,19942.9981288131,19680.4983740053,21639.0411884992,1990.87935669078,17547.6996892837,21227.2586024407,29631.4220256163,42470.8118274999,17097.9021136978,19010.1779920841,"0.928050460317376"
"2392","sp|P22570|ADRO_HUMAN",4593195.97096943,1436470.99019935,1116242.99550198,1102447.44216019,989358.973176368,1941496.4065194,1730355.26033508,305861.390344936,493646.988291902,993339.191023088,1129582.25051436,645197.717364483,510332.797930285,"0.437140817014318"
"2393","sp|P48595|SPB10_HUMAN",5014.29738201054,2720.1061940997,3896.71613189756,4652.02109240313,1289.22328783356,1329.64376650192,18590.6818037914,65883.6861741988,44777.6994124952,144.092820891804,1086.92389735626,11907.3311249322,24367.5128846452,"0.185816062753046"
"2395","sp|BID_HUMAN|",68288.7597129734,72434.7575721086,62626.343326108,50208.4752654029,43820.1352202334,55418.6508913909,65757.2607660602,384478.971321274,398735.358969893,63300.2048534676,65746.1601406724,113160.765975319,110834.642766297,"0.256466727069857"
"2396","sp|Q92530|PSMF1_HUMAN",398234.954889176,441033.019127792,129084.998060686,116565.929025915,226988.059712233,248256.919919864,702092.390235006,73287.4496389914,83822.0733835002,152500.234196345,162056.399945167,12242.5354867023,18897.3651526991,"0.333687825151586"
"2397","sp|Q96EY1|DNJA3_HUMAN",89650.4505151302,162441.351858467,62139.9248139832,75856.8174341098,29829.9118310824,26061.7761086139,117696.974669611,89510.1845327392,68560.3942412186,79675.0108479449,60467.4489964613,59105.9044995556,69410.992304103,"0.693776961458003"
"2398","sp|Q9UIB8|SLAF5_HUMAN",22561.2480016011,22726.1275704767,14396.7469007364,15652.4628730246,18987.4226452477,8426.26291759959,38418.0932228345,22142.9917474862,22027.2341260905,11944.8121822029,14313.7994731702,34123.0390203237,32954.2378544136,"0.49838084154858"
"2399","sp|Q9P265|DIP2B_HUMAN",40611.6975300265,57622.2508554323,50333.1533021758,56995.4221961994,120118.71342593,109687.443428805,54912.3336959074,84741.5150708322,79754.4360986321,114679.721157509,103090.741249639,169462.836205881,178955.935362769,"0.269080215921737"
"2400","sp|Q9H2K8|TAOK3_HUMAN",34229.3528707219,53101.857982556,45006.2974451837,35392.9775745162,22676.2859513582,8325.38697457135,96153.053971361,29794.9230917661,20177.642990636,31638.4168574238,29181.9012485105,8175.76685435226,8694.4750367564,"0.0801381041959812"
"2401","sp|P01130|LDLR_HUMAN",32613.0623567389,28789.2430045856,19858.9152504004,21527.389172511,97386.0138525711,95192.3350307993,37483.014259337,16771.9153410323,6504.37288489576,22361.4539842489,22866.9454837476,11229.2143762431,14455.0833165084,"0.173458298809961"
"2403","sp|Q9Y6Q5|AP1M2_HUMAN",6320.26029365936,2918.22090979142,805.263382493986,3968.41288619092,1901.88540947174,4831.31528362203,900.550438538139,15325.608004552,17474.5287656206,10414.3129643831,4958.00323898816,6115.35574119859,8675.48379642469,"0.1573907571583"
"2404","sp|Q9UNK0|STX8_HUMAN",33556.3819069886,21392.8518426315,51340.0037873523,50592.0717727734,23307.8382005368,27979.3530791908,90869.320825647,132282.323722543,129452.647705583,22906.4486623411,22776.4772470202,84045.0893446513,73888.8548396992,"0.13137089834136"
"2405","sp|Q03169|TNAP2_HUMAN",3863.19382868501,3781.82503940864,11060.6514211132,6527.74867665194,16006.5346471486,8120.9669727182,3069.29934649135,9441.02319779665,7038.17046935002,8479.10094253588,9459.31528797587,21258.389336419,20438.2147394293,"0.192801907697355"
"2406","sp|Q5JSH3|WDR44_HUMAN",20186.8583067517,21516.8986043624,21444.3759004836,17277.4290133565,24132.2388504685,27108.974604977,3388.5414052537,25510.4278769958,22803.6371833938,36388.2248461857,37943.7392186662,10158.2901955381,11187.416875842,"0.665181609000207"
"2407","sp|Q92665|RT31_HUMAN",26441.469234602,42854.5500158001,26507.7814253634,36036.6725132529,9702.36448959086,34109.8729767535,26153.449137038,33930.1805178283,32398.8069762259,60987.6525363594,57315.2796195479,60768.4108472647,76017.6634901391,"0.48474503086682"
"2408","sp|Q16774|KGUA_HUMAN",112406.039978643,165517.991189403,223959.018751691,104167.610127257,159215.775161908,100090.84260751,139115.802709664,48649.5493843743,67741.5904798843,70181.7197025927,80729.0669776174,73683.1983182975,44897.2435443319,"0.289233816313979"
"2409","sp|O14929|HAT1_HUMAN",2664.23784341647,7357.11208096197,1244.17799818424,5567.95887281703,1882.2064559377,8046.49559170785,19935.7120136158,32993.2129156606,33307.454554929,19719.2022151634,40316.6778522699,27462.5723969167,25343.3263190932,"0.751967149793338"
"2410","sp|O43314|VIP2_HUMAN",13617.1639887598,20883.034704273,19558.3021930805,14745.6344862802,21878.6712580393,28132.1782895963,7890.08245400151,37458.7766905839,36769.904277402,35132.5327706819,30260.7995343299,34621.938135066,34054.6227746548,"0.377211992444317"
"2411","sp|Q96PP8|GBP5_HUMAN",6030.1740757388,7279.81875368653,7805.75810837282,15870.0594024136,17575.7952211151,17291.8258390062,8795.55219388883,17951.5744852824,13502.5010277996,34993.8234064353,32126.9927523184,7083.6887351152,6152.30066603555,"0.985553155789529"
"2412","sp|Q16204|CCDC6_HUMAN",27545.1463786834,36621.9099712184,45918.4353116985,41275.674777425,20365.0746338427,6669.90447557409,48364.5668180479,76527.3727645337,86558.8714559247,26380.2345466448,22562.1573723001,38690.921554172,77508.9931655271,"0.130315872772682"
"2413","sp|Q9BQE5|APOL2_HUMAN",40216.8455542949,37088.3323256472,31576.3847708141,29841.3545943735,56669.2751371019,44496.8994005558,16440.9779375648,61833.1623414154,48957.9199552298,116996.900881713,60029.6203239696,56623.4948389599,49273.3087634938,"0.370182322401987"
"2414","sp|P80748|LV302_HUMAN",453314.256740774,460209.367966731,1340530.56684146,1190708.66490638,668974.20849628,729330.821285451,1225930.68101033,133390.286552548,154393.941948251,1389595.27799803,1501468.75952409,773351.771737957,749570.898584038,"0.925424889211332"
"2415","sp|P68402|PA1B2_HUMAN",791481.625452543,799055.315202873,820008.084155109,961683.056357908,1229196.51133394,1278285.90872886,641614.071962684,141385.128732842,121601.951541557,839193.961255214,951621.112586245,580166.146992841,491210.685786101,"0.158842518413111"
"2416","sp|P05386|RLA1_HUMAN",412646.291027094,546691.126828977,1569053.97628759,907320.96286362,266041.238714735,753256.254295779,394462.347705452,757103.956899798,3026924.1675566,877144.681476632,1266631.03685639,2810625.31034158,3247820.48597937,"0.100951454498605"
"2417","sp|P11686|PSPC_HUMAN",1263305.15595491,1220674.96176144,981551.918038122,847254.269450863,965932.244455608,1051155.84622807,1081548.49510775,36823.4960807065,48954.7163238103,79709.750595612,94428.3970295365,56847.6488226203,46326.9502937026,"0.484470200952014"
"2418","sp|Q92619|HMHA1_HUMAN",66971.356057679,73970.5429017079,74796.4166670359,81745.3506916861,73453.6489426682,103626.259644496,48430.8185457138,111039.175433223,118901.061965051,110276.593002967,119459.744810191,101976.646055236,85266.7761727139,"0.688645955408517"
"2419","sp|O43237|DC1L2_HUMAN",494262.393153205,615779.846024105,819815.912851418,633508.413844484,783457.202132265,601578.704615672,189003.374601038,363185.832064335,257305.57840773,390668.062233712,571933.395640498,300216.717250812,286897.173623031,"0.0596134022347592"
"2420","sp|P52815|RM12_HUMAN",427892.623203621,434438.801219686,382305.239771582,344066.599182179,206201.23288718,310012.483391285,315015.691401212,403877.286049984,586541.135290992,589369.778112197,623420.31030519,332015.024504998,282632.512431847,"0.755117530475376"
"2421","sp|Q15165|PON2_HUMAN",261412.804167617,300182.911566912,320681.584403874,336905.334515,165692.960881765,113299.112238841,115724.592945196,151671.578646064,213172.387125374,96237.9221515745,118924.196200879,172795.659572033,152408.725393274,"0.677834880890241"
"2422","sp|O75323|NIPS2_HUMAN",72374.2802544639,64805.5563959087,78435.5716284102,139520.837447947,77486.0014407085,56087.3243892125,153515.926883429,70014.9238228324,111331.901719186,90812.7424800684,114310.004846941,95633.0283512619,118068.763391685,"0.65279809472399"
"2423","sp|Q96GX9|MTNB_HUMAN",24247.6320218864,22607.7924529388,44598.4929363796,48667.6049760016,25625.458160683,28069.5507945095,24947.0629496551,96458.3485184788,91260.6278945034,27456.6049027247,39257.4397514148,74475.7011713575,69371.4137622882,"0.0982694272213185"
"2424","sp|Q14165|MLEC_HUMAN",93504.212358826,118441.6997871,164075.64918092,143107.219203216,120681.568893678,117558.910612073,94999.632934423,249222.625937715,266597.200626551,147671.84959554,137037.455519536,242994.99329157,168769.799333885,"0.0867146676996161"
"2425","sp|Q15363|TMED2_HUMAN",133198.752482993,175712.873961976,44240.9831818878,50206.6301793092,42921.7608656887,34423.7625800285,302430.127169545,56407.4073735575,61466.2248250788,40551.243048947,45756.7502036614,61846.3814324558,68119.8653315254,"0.5790913146328"
"2426","sp|O95218|ZRAB2_HUMAN",6933.24237878005,9207.48659056143,13082.4612708268,37819.4179925663,9096.96186718368,14050.9082590719,29749.262021746,37671.0712954525,61737.846666693,110289.401653353,82960.0362498034,56309.2607889494,43497.9791738305,"0.61612676248617"
"2427","sp|Q9NX63|MIC19_HUMAN",71701.1823523297,89032.4045478927,24279.184049866,9167.1933046512,64776.1866131876,46475.6272547148,40505.6032762405,15794.6051115839,24381.9567245778,7022.16813859407,9199.4855108364,26726.1623200069,22448.9809359436,"0.602122627310852"
"2428","sp|O43914|TYOBP_HUMAN",201145.802642251,147993.906805401,26465.3687787368,28069.3213369362,71402.0916529349,57274.8093159743,30736.0674147475,176262.007490783,153658.322906613,49596.9574099582,53051.8082948499,97718.4580233521,126356.141123623,"0.748233197723854"
"2429","sp|Q9Y3B4|SF3B6_HUMAN",154420.933914026,80423.7021487564,75730.7486378182,106382.118225814,120807.558345588,123413.73910966,126828.844765841,175688.102542622,142573.381625256,64860.5001174975,76719.1502861296,267637.203196214,205527.012822184,"0.556119260873433"
"2430","sp|P14902|I23O1_HUMAN",199697.255475243,209027.207974336,336354.096076439,303543.762046128,698034.363573939,451416.768691475,121680.561383264,68965.5930941275,38161.9100060856,121046.040090245,137768.593776471,44978.1076709519,67717.6529195158,"0.14711464419398"
"2431","sp|Q13126|MTAP_HUMAN",544144.272239385,413038.820552482,397383.673370819,335877.944839482,120297.541699327,182891.302097624,223486.476656255,141014.826322255,161876.060529109,112942.357756249,115513.393177959,219994.388795975,221921.316139737,"0.584715800601274"
"2432","sp|P15170|ERF3A_HUMAN",58274.8869750355,42356.8744902186,52402.5848770664,45862.5810313862,34642.0143791818,31446.3257068515,99108.9873447144,137712.596247943,116057.989377616,52555.1801636988,72517.9366902657,48886.091925707,34771.6303050316,"0.978953569000016"
"2433","sp|Q8IYD1|ERF3B_HUMAN",22486.1206282736,13656.4316676487,8538.61344135267,3734.28416405801,21565.380850787,19962.4416414939,11824.7318308673,65348.0540927455,72811.1976429069,33229.1233218865,26831.9865586062,20751.9886632867,24018.8891261284,"0.324023540214903"
"2434","sp|Q8NCW5|NNRE_HUMAN",43039.0077696084,20311.7731056473,19871.7880755693,39458.5688559097,102542.008768851,126122.023024851,6981.41254301181,122822.180003523,148727.642138744,95334.8400014943,129373.712299578,59620.2273697319,80687.0030785039,"0.769440231190652"
"2435","sp|O95319|CELF2_HUMAN",146362.309259028,63668.8099996339,92166.0387577277,156580.900408925,201456.618035519,41679.1092993551,66037.2605878263,77846.212063611,52943.7816777514,157421.665586535,194112.334256598,151798.549454889,142432.151153179,"0.426515409863826"
"2436","sp|P50135|HNMT_HUMAN",93306.0824862114,83633.4264742873,47830.7900108251,57932.6126436305,38718.4656714559,47727.7686413114,90487.1838216999,32274.1409884625,42111.4643908613,33806.6829406843,34915.2835701796,41203.1851795133,50274.7441079982,"0.565958373966955"
"2437","sp|P11717|MPRI_HUMAN",120200.907503144,117909.570137965,110503.795645532,76463.3608365134,101509.787100029,91410.0135997712,89282.6982032144,254068.901804785,199180.602628275,74420.3838781253,92361.8308232055,200573.640323422,183414.165452537,"0.21539509842546"
"2438","sp|Q9UMR2|DD19B_HUMAN",14637.8092766442,15807.3821477223,5732.21778760736,12827.464796471,13166.6479414413,14089.0130319273,21885.6275105403,19665.9909382983,17414.3119747409,19026.475671628,18169.6259054569,23644.618652459,25365.084923518,"0.172589693316581"
"2439","sp|P28907|CD38_HUMAN",13462.7729576501,17659.0614741094,13747.2863942507,14223.3744838868,11183.982092554,11159.2843517496,30762.4947904106,18849.1722699946,12598.3945366138,64741.0647495836,68416.1424748342,82769.2629577335,83964.3041077644,"0.573146032243972"
"2440","sp|Q06136|KDSR_HUMAN",39437.4677140247,37300.8149825076,93448.156700471,110105.706313784,56332.2101395784,75056.193250673,113342.812058895,78397.8189300485,66519.4949989439,44141.0551384629,39377.1059257206,41150.0303779802,34641.4108088579,"0.358553642426614"
"2441","sp|Q9H0S4|DDX47_HUMAN",16274.5872926787,21807.5449440285,9672.81243812097,10116.5632343903,24290.025168146,22953.9988362112,10002.3546720633,164541.157298547,179589.180396147,82490.6499039211,81647.855993104,86065.5615582293,77091.8598626017,"0.315892397025474"
"2442","sp|Q9Y5X2|SNX8_HUMAN",95544.9301222811,97396.0867467621,74376.7591118579,57321.2713763297,84644.8112153553,84973.7571867263,42873.3228778441,153000.41681263,181392.776224679,108995.629722287,92544.486593216,55771.0590691081,45040.9285359971,"0.916430005495141"
"2443","sp|Q96P44|COLA1_HUMAN",105645.627483554,103500.27401565,201683.579090764,213416.549255977,194596.839374228,176427.081041354,335624.528898606,4492.7084459896,4339.34739681563,18778.9061749501,21627.7270339057,18744.3111480585,19455.2183428776,"0.46331008450403"
"2444","sp|Q5T0F9|C2D1B_HUMAN",21517.3258112791,17464.7323702565,44852.5032774779,6514.80946688535,17048.3322057749,15472.7087064597,4133.70097443488,78734.8972714413,73671.331119917,101727.843319853,126663.987948411,46435.6012333261,49501.442969948,"0.934247520742099"
"2445","sp|Q96F85|CNRP1_HUMAN",252277.384986144,266089.520289795,189414.662003804,231775.754910027,150635.141404181,161871.577894295,326154.31434492,36005.1615435748,27414.6302792514,104368.706313334,96903.3676787825,92935.3723755656,59402.7435662113,"0.420366443409558"
"2446","sp|P49589|SYCC_HUMAN",15276.0441088815,19193.2888976917,9659.2640115322,14867.4651448765,24257.9760348289,22769.1290752279,5239.80806788288,30253.7311665505,26260.770530485,59247.1298323172,72943.2470290197,20389.1550320505,20354.7943345076,"0.908174947414957"
"2447","sp|Q96M96|FGD4_HUMAN",83622.7327622051,65090.4441286063,55301.7281614071,58483.6809523875,60962.0293785759,72617.9354370096,134168.836289056,44680.6948596733,30745.6547991891,42510.9066356353,49539.9476377477,16813.427914254,15853.6666733528,"0.252425551253539"
"2448","sp|CYB5_HUMAN|;sp|P00167|CYB5_HUMAN",256604.424902774,241773.254308532,389781.623110941,409489.471418209,332684.693805235,329179.047045996,307797.87812248,286410.797526352,285816.384568249,225356.820361052,126434.689860173,309682.913425431,401488.621686152,"0.424609976533222"
"2449","sp|P45954|ACDSB_HUMAN",104183.157294631,130518.446043991,50473.231086767,55000.7655945044,31253.6668363767,29567.5804969733,13424.6988864023,169470.693308718,103724.230386497,24408.1144069245,45083.3281742196,131389.296652298,121010.636350758,"0.798617718274241"
"2450","sp|O14972|DSCR3_HUMAN",41661.2894567926,37103.253988306,74361.7678537937,75358.3263379932,88198.9237720723,52997.2894343961,35990.7003460443,140780.422715504,156443.539206245,75156.3779492672,40708.230521419,137437.70726435,170870.992231622,"0.0397536670191232"
"2451","sp|O60216|RAD21_HUMAN",76748.6488849974,91480.1355412298,134769.513266323,126369.387383861,177700.445524341,137024.531134019,55513.856461868,71196.3859775467,34061.477818862,45052.878295195,113428.302438221,60706.7117613541,61126.7090781085,"0.281471990997416"
"2452","sp|Q9NPJ3|ACO13_HUMAN",337121.553277651,292390.237389373,154961.868876269,174243.90129785,118184.833194338,100720.337442128,153200.807224808,144644.279917996,105326.641994552,99668.5809182694,102049.726678582,371965.957797723,294268.868624063,"0.87133882265955"
"2453","sp|P35236|PTN7_HUMAN",46771.3384002695,41765.8863567582,24218.9329062304,27031.5118145372,35877.4408722917,46630.3678088636,30177.0529569125,62692.3896496741,46669.919426146,40921.4537861557,58450.1306933178,81289.9443844408,80116.5897500522,"0.426941768836345"
"2454","sp|Q9BYD6|RM01_HUMAN",117821.450188711,99397.8279483494,61124.2691377174,47847.3320202638,83011.0917187927,90667.856655083,16156.6957212266,93832.6761162845,109367.527511964,87121.4024688958,100193.260394931,68094.9946884172,62278.4849799426,"0.149993425751201"
"2455","sp|O00182|LEG9_HUMAN;sp|Q6DKI2|LEG9C_HUMAN",489988.417752975,583474.971038543,272240.634859538,372142.271835951,350783.594609672,271275.55852138,966692.766509435,378051.633080493,389977.158512007,317482.709726041,335237.702986448,332629.501890785,326181.51358983,"0.519249233322597"
"2456","sp|A6NDG6|PGP_HUMAN",71836.0876913353,91998.191257319,23454.3655350412,24035.3592151492,29822.9179696921,22892.708435463,50370.9323573505,14959.464175148,16781.7209678999,8430.20242227275,7317.1557406966,28972.5360247518,29144.8404686194,"0.625845493381766"
"2457","sp|O95379|TFIP8_HUMAN",81192.5643350464,77222.4706018912,44484.113119359,62692.4617611566,92379.9049519959,70757.859847276,33805.3154823745,200938.195077682,189082.700954446,132096.737846715,102994.505855321,68724.9510016411,59997.4907116103,"0.50671195701042"
"2458","sp|P18754|RCC1_HUMAN",50375.801689058,52358.9974260428,54560.0896701159,66635.1971694768,97963.167372629,71320.4683828382,42070.5527473773,154157.094598718,164320.166289434,99062.5370870241,82164.4585359309,48137.1064411868,75836.7247625793,"0.332777416515908"
"2459","sp|O00217|NDUS8_HUMAN",53930.3019683375,65437.5940351383,107446.003239641,128112.692734279,78764.5885283639,142231.075202098,1103.68720900983,142487.613630941,129856.793424873,395440.299353221,188955.779840325,267515.581276693,266578.199350417,"0.255736683914856"
"2461","sp|Q96GD0|PLPP_HUMAN",110925.580395627,131879.075866699,77661.4364521583,58186.8100531478,76785.7144585232,88473.0220725032,338004.450040446,28158.444938417,32433.2156982363,28958.281777369,32507.1447365955,42393.6400304379,36197.0698449953,"0.516262043056673"
"2462","sp|Q8NFJ5|RAI3_HUMAN",1042176.32458671,887731.053456023,1884261.00127955,1995215.07905951,1711041.82320049,2081545.87771077,637228.080370229,100720.079679235,107462.421544201,110137.55571271,127887.522370469,100180.409975375,108635.120110353,"0.488350739607643"
"2464","sp|Q5JSL3|DOC11_HUMAN",51872.2198087439,55734.849790164,56295.7181595339,47520.7315824481,95352.2097920481,100158.239602047,45814.6522885377,98138.9651889093,94467.5775119564,98058.3196115344,106062.214221145,22718.2948819606,28147.2072936419,"0.807141490350997"
"2465","sp|P07225|PROS_HUMAN",22221.9575120607,16359.7848975948,54506.6890935232,66636.2348300751,19573.6108190305,18558.5668372684,101794.139404966,1587.34176579175,5622.85081135696,17147.7161941957,14714.8915434995,7041.94024962199,12749.910644378,"0.264863176314605"
"2466","sp|UBE2I_HUMAN|",207593.731008173,145258.086937162,189306.67863716,176300.194533891,184328.871051041,163100.258546791,226292.415399007,129126.788043897,152078.406625768,228510.344591995,181018.754965116,120432.861099279,171011.041995941,"0.34167146308442"
"2467","sp|P49815|TSC2_HUMAN",34024.6494518767,37604.3841791568,31729.0325129952,18181.2188606868,36234.0124759908,44532.4007891801,30496.8525494495,37071.3430956892,46001.8338280156,63264.6122162465,52417.271606815,32417.2695332756,34823.5276085475,"0.836304602368011"
"2468","sp|Q13451|FKBP5_HUMAN",61581.8634167777,31307.4527322974,125978.342580367,82065.2431357336,85803.1278703152,64593.5224106283,27890.9353218069,45565.4828282778,48162.0924477616,42346.639201219,85122.9293897134,99020.9234252585,52765.0594287849,"0.661163853163905"
"2469","sp|Q92629|SGCD_HUMAN",50137.9114596414,50309.6825262892,188033.838221215,175336.543756322,111358.290754974,108550.922373827,54654.8617870827,19414.435205034,15855.0164545959,74580.6616830095,84232.7175214572,27412.5202664549,12183.3525585548,"0.370378944571513"
"2470","sp|Q86W42|THOC6_HUMAN",41342.7253144427,87573.7444868911,79339.977203036,75923.1384486749,16094.3111576782,14664.1913011182,302962.727054916,245230.675094638,234262.62567821,109759.683230176,121739.960705295,145946.611965533,179545.945723858,"0.260515183713839"
"2471","sp|P52701|MSH6_HUMAN",1766.75694020035,1863.92900642112,1195.92417801184,4719.00769173462,2701.08188174719,2813.5956998174,706.079542571371,151048.261024465,136805.937499228,31719.3217968942,29978.3183718818,15485.9990857793,17355.4521031944,"0.31095740971383"
"2472","sp|O00505|IMA4_HUMAN;sp|O00629|IMA3_HUMAN",27329.9383002278,30700.4923203255,14961.3152664827,49382.2037841271,8835.60482215129,6484.33039202653,13396.6543276768,57577.9418969864,87157.7227374876,13626.8508964515,5035.30608418513,84317.9119736256,143296.538111287,"0.131962009398378"
"2473","sp|Q86WQ0|NR2CA_HUMAN",29880.52268178,22597.5831875451,10161.0220506235,8790.12994814098,27815.6432312291,29382.2772772588,8834.83396133308,27820.5495386877,27666.1481333141,14222.4216085762,16697.5331014615,41139.5333956898,39581.8763368028,"0.638260236730156"
"2475","sp|Q96CT7|CC124_HUMAN",18420.873194677,21693.4451801134,43338.487636765,27070.5298457442,19165.1133294611,14732.3547611508,105143.811668024,72507.9897610869,67321.9523548028,66431.3627040296,55362.0779700779,51413.2419689336,52368.6984162453,"0.444523848594918"
"2476","sp|Q96EY8|MMAB_HUMAN",210220.760525728,411640.450364323,39571.4009638093,36302.2362615033,322596.023636912,240934.802437447,153554.666585733,272399.074797528,188166.694940788,164071.103430136,197302.483201867,182326.993372351,235392.63273277,"0.478463018874697"
"2477","sp|Q3YEC7|RABL6_HUMAN",10697.9394601559,10876.1098273792,10854.9534162664,11028.8081574479,22366.7537284933,32774.5385557583,9575.12090844578,38285.6967511287,26865.7618052277,38628.939729555,24375.9806449796,16330.2022564552,41988.4154134617,"0.279039935423826"
"2478","sp|Q9BUH6|CI142_HUMAN",99241.5081330605,112414.100968665,87708.4674502913,97411.630331871,70498.7568064377,95560.6874337602,40937.5164771377,57462.8957928415,81884.376514313,96110.853611545,75215.2097815335,75140.6540536238,88639.8126605493,"0.805432891168225"
"2479","sp|Q9BWS9|CHID1_HUMAN",77018.226447955,53114.7234511361,42977.724179877,45878.2918708323,46301.569646631,71314.1521450386,41802.7930804797,52327.1026315191,59796.1544182669,116663.469599047,107035.904686655,65090.6840584304,55673.357869028,"0.615887696240881"
"2480","sp|Q9BRR6|ADPGK_HUMAN",28381.9606597637,37749.9528528633,26078.9940314124,22719.8222345361,21508.7641782699,21549.5244528643,10944.1811905118,31043.4441772755,28401.6772280354,4755.41678269818,4877.51583681705,128292.876280576,107798.053328187,"0.243454894197336"
"2483","sp|P49753|ACOT2_HUMAN",61477.4550187575,89033.9082514917,49995.5701716214,33277.5436715716,74571.6323905077,54267.99965528,57790.9586397637,13358.3033663419,14255.1647291957,63788.4804217563,54115.2909183939,26211.3793987649,25656.5129716887,"0.0940621090407266"
"2484","sp|P40616|ARL1_HUMAN",50256.0227030039,34246.6755931699,47986.4973996911,46362.8346325528,43539.4618382418,53447.5577697001,62873.3446608104,201641.929288689,131393.56362448,127840.569994473,165132.861933683,105118.576846292,83865.6496953004,"0.838435958466807"
"2485","sp|Q9C0B1|FTO_HUMAN",14788.020341209,19478.3245956695,3389.3639142209,3096.95939730613,13171.307977528,7920.63277040505,6392.145965535,37480.9581929349,36177.3662029722,15202.8907427562,22373.1151889206,41833.5324058207,56207.8978090563,"0.111382416171441"
"2486","sp|Q6IQ22|RAB12_HUMAN",16876279.1980372,12748834.4694932,13685798.2588629,8465142.76472881,13010240.2352121,13453826.8161135,11998813.6993129,9780700.3370216,6182808.61347578,3299729.89696076,5535700.47623385,6648166.63445876,6735842.23169357,"0.507033173384609"
"2487","sp|P20338|RAB4A_HUMAN",16876279.1980372,12752287.5661733,13690015.0157358,8469141.86289384,13010240.2352121,13453826.8161135,12003625.0459977,9780700.3370216,6185227.38198313,3317028.09908346,5548735.84413174,6652907.04204704,6735842.23169357,"0.506729218674714"
"2488","sp|P29373|RABP2_HUMAN",142230.202010459,110298.328061226,94915.2455092213,102941.801744425,68230.6345271464,73534.0221584953,564669.591408333,235677.060263555,240688.298121347,473686.573872953,652252.909773563,84794.9743282917,86206.4184278203,"0.788586076332154"
"2489","sp|Q30134|2B18_HUMAN",2616.82937274138,1338.7405625888,9144.21294787398,12897.4986242179,298448.946456173,236639.626686485,1023.09593186353,6062.09156954009,8439.30016035586,109334.27155113,1123.69762996153,570.842741508829,997.043880816492,"0.357047057816978"
"2490","sp|Q86V81|THOC4_HUMAN",74240.5471610705,81052.1627944482,56347.427423797,63015.1268236789,26883.7331771812,109956.953826491,4978.41222217749,264532.557871378,239879.254038708,234200.034785073,174686.257072012,87209.1757285571,101212.735028792,"0.549025090800719"
"2491","sp|Q99613|EIF3C_HUMAN",46293.3947818324,43185.6591925927,135384.978250178,90220.8032083412,58929.0732125542,62957.5536955764,59375.602028801,179052.143930769,183446.64422514,81504.1604100253,70959.2123538191,219560.693596633,198731.752592409,"0.0408758454894142"
"2492","sp|P13807|GYS1_HUMAN",187198.86272235,229409.887210863,235462.20364558,166452.429571244,142039.090915194,109863.679034394,454813.466190876,639655.4869741,600686.210912628,122215.491490699,151761.147976774,210966.924507917,230400.479639431,"0.344751774223642"
"2493","sp|Q86SX6|GLRX5_HUMAN",211697.905398191,223597.956614059,161942.347891523,178551.058657212,267166.136560644,290947.531383953,1391.71302187381,544569.789639205,429281.818714762,439910.408927667,488408.230604472,155904.005893648,163431.143311974,"0.935611667014717"
"2494","sp|Q05655|KPCD_HUMAN",220582.331659409,252375.303530077,261309.680554588,202763.089643491,241934.103980064,128909.749921531,113004.36909426,173944.043893695,265122.065890697,170349.454236661,207614.373060118,230752.934072323,166839.435531508,"0.7745343218644"
"2495","sp|O75380|NDUS6_HUMAN",128068.147001709,140204.630650384,133141.935744621,122087.352532659,143715.923594567,118475.033629431,208080.463191646,200345.03768391,120829.568598895,123458.773764615,131234.831573233,212270.076385765,220616.257511371,"0.227276175044523"
"2496","sp|P10619|PPGB_HUMAN",16770.7168680739,28248.9499262952,134212.705311557,146807.912656902,105426.457796421,74295.5589478997,6646.10658550985,288311.592802278,343443.222249228,96120.1738051137,109450.385852004,308163.393184566,173548.680789963,"0.114617959759295"
"2497","sp|Q7Z2X7|PAGE2_HUMAN",199159.775025685,160931.328756468,198297.5739347,205910.161443632,82921.7463850854,99501.5490840597,164850.716759067,1114981.77782305,1016482.12544275,138164.997988841,174555.882066903,474762.230936364,619324.648712069,"0.13775924245635"
"2498","sp|Q8NFW8|NEUA_HUMAN",55066.4542280564,51277.3346369909,27845.2960602889,23737.7093447395,64786.9513868128,73758.6522790167,8436.74102014528,72051.005540343,69937.4832905196,81154.7127796145,90332.9898588397,65012.1906499652,65921.815424136,"0.936847895695314"
"2499","sp|O15127|SCAM2_HUMAN",148521.094112789,146983.381625989,123539.264058466,120113.687360969,119400.985268676,110413.60351808,73488.2565112522,93171.4428290167,123993.044258754,91451.6171368051,57768.2355429447,106207.94913922,125211.046810479,"0.969204457042604"
"2500","sp|Q07075|AMPE_HUMAN",117778.700323332,128835.174931801,604300.049753215,583154.352296421,324745.449056936,327677.362910997,437257.887865881,33132.2134261455,36959.4601967772,71240.7681124202,96948.9643852201,43758.1533990459,34907.0404145525,"0.0363961402953459"
"2501","sp|O00264|PGRC1_HUMAN",549655.367865062,629519.961724076,551498.205290612,558856.613919324,657591.033846758,659695.823313802,570976.546574872,1307364.41295082,1189643.05725983,603566.721541436,667292.106030385,618046.935266675,569198.717379014,"0.394923953086337"
"2502","sp|Q9H9A6|LRC40_HUMAN",116099.663764043,135337.971880147,131267.161286744,141709.064439305,158727.161066815,168878.145885457,61927.1912714796,52881.8084594344,78527.0583196256,120105.822626358,107367.391772608,71056.5245192703,70276.4007093361,"0.1020582372877"
"2503","sp|P10153|RNAS2_HUMAN",23734.4736789906,27523.8105507249,29016.5014191383,25491.7829941278,48786.0146224482,89321.2880039073,233200.372341526,62770.0517144186,61812.4206390209,53177.4787612179,20468.3712884346,796378.319770957,634157.760732884,"0.154898893703055"
"2504","sp|Q96RU3|FNBP1_HUMAN",42778.6637292132,63891.84291719,52264.2998729057,31604.918940508,93435.0572196599,109975.250638148,54783.1794618791,55722.8084698909,39000.1085797448,33174.284024869,30123.8820282135,61976.5956473482,65316.1601824664,"0.388237818559707"
"2505","sp|P01594|KV102_HUMAN;sp|P01608|KV116_HUMAN;sp|P01607|KV115_HUMAN;sp|P01610|KV118_HUMAN;sp|P01597|KV105_HUMAN;sp|P01606|KV114_HUMAN;sp|P01599|KV107_HUMAN;sp|P01609|KV117_HUMAN",2020088.95330895,2376482.89102378,3775522.96314768,5122301.46985457,2774600.27938782,1888356.78382671,292959.385679908,541748.008524091,628359.109867977,1288716.88316675,1347121.94924554,2512903.20877594,2137875.8677052,"0.844789106031652"
"2506","sp|Q6VEQ5|WASH2_HUMAN;sp|Q9NQA3|WASH6_HUMAN;sp|A8K0Z3|WASH1_HUMAN;sp|A8MWX3|WASH4_HUMAN;sp|C4AMC7|WASH3_HUMAN",903472.869971383,845722.874752954,601410.917352789,653046.667552253,979072.91900558,878249.358365225,421651.892822121,596342.846146937,651475.469946731,655227.852961462,728549.34958853,879556.974570351,783350.809250039,"0.536693417104889"
"2507","sp|P53384|NUBP1_HUMAN",173213.660745263,79362.4941429346,38969.594336969,19993.5309541299,75910.5589653679,51333.1420915309,13382.8197006172,121090.318792015,129487.367877062,56391.8411498025,39092.9356670439,92755.1643460706,129382.670681396,"0.845481823199136"
"2508","sp|Q6ZMI0|PPR21_HUMAN",35521.7589626318,102064.114113166,160020.280817085,97619.9864627887,80289.1645749786,100656.063306662,27356.3345606212,63356.0437342471,87556.2311494723,78934.5244784411,104892.422438707,84726.8296168645,87664.8929990048,"0.687254236477663"
"2509","sp|P42226|STAT6_HUMAN",87325.1799896652,132770.375574546,51325.0781946792,51103.2669540059,65629.9862810987,66177.4438476657,8560.62868084636,75712.9294584834,64851.576018229,17162.5044128082,56686.5590374852,43814.0298267845,37155.16058494,"0.274810886870078"
"2510","sp|O15117|FYB_HUMAN",38390.6632383691,46403.3410377434,37135.9617289975,23280.1310173603,40592.2723088452,35525.3443119133,11691.028460591,65193.4299572949,56472.0508341244,73379.5739538691,74863.0941183616,62923.2514191649,64522.2994065703,"0.685726340977981"
"2511","sp|Q9UKX7|NUP50_HUMAN",46489.1296749458,153411.907839883,45252.8994919245,43002.8721978563,41242.2749041451,40494.6128505212,26172.5883255658,58138.7304903846,59241.200208565,66123.4290329053,70794.7621547589,45916.616822706,53073.5726473336,"0.980065142038059"
"2512","sp|P49915|GUAA_HUMAN",19470.2894642331,25394.401695062,46305.0930230732,27785.883857665,14809.4502195322,24798.039389161,3879.87987971849,83670.7018886208,76210.7272728086,19099.2539630471,25354.106121479,57411.2073139004,52259.4149847919,"0.0891115184426387"
"2513","sp|O00161|SNP23_HUMAN",80118.9894494177,136173.203253801,167367.508872847,163255.806121071,73104.6672509004,52546.6734993447,183542.66859254,111063.304503145,91006.8466353919,62275.4922401495,56145.10039778,76623.087866698,86779.2457220683,"0.693253587092552"
"2514","sp|Q8IVN8|SBSPO_HUMAN",67840.429097881,127222.63504669,228584.375269779,193010.063674048,340291.758376775,292328.422348047,49976.3039870034,11330.2358971539,5779.94003045863,87130.5676891238,103968.34635788,34553.4681217748,30137.7357121934,"0.277467842494024"
"2515","sp|Q08495|DEMA_HUMAN",437807.609135032,498420.648716142,208482.47172647,222797.998024581,61068.3219117263,61611.4351583804,797696.195172516,32430.110898965,14521.0083742244,48488.2485627779,23576.5414544953,28188.1713611124,26202.3567954066,"0.507105008954369"
"2516","sp|Q99615|DNJC7_HUMAN",52582.7833908397,85625.744887837,22101.6609761688,35649.5424534372,23256.6687744098,22559.3261913734,38107.682339501,50361.3775270989,41278.1162295227,13918.6213151353,15103.5771984345,37208.7912240573,42979.8269577358,"0.876151491753318"
"2517","sp|Q13884|SNTB1_HUMAN",67465.3514117102,76846.6596552,56372.715100883,67214.3409466272,53424.6922919709,69314.4439121473,36117.5878670077,110956.488652857,128598.565349569,57527.8864640698,55286.0587133199,47735.8406770361,61954.535651908,"0.604206645919285"
"2519","sp|Q9Y4K1|AIM1_HUMAN",16908.539684034,11106.4293503333,7043.46796536666,12803.9542243213,18019.5737087015,15432.5964262372,1091.58876232253,28965.231747862,38841.8143067383,115783.181761592,140129.683762452,17188.6177631261,13561.3129006139,"0.866613314013342"
"2520","sp|Q9NUY8|TBC23_HUMAN",43972.6909513536,43954.2002934728,34857.656361717,30512.0633921002,23752.9179441123,14570.1348711437,21839.5680732884,30907.2960231147,38910.1729057401,20248.2566917304,33239.4309216438,73034.9637686077,68680.1120732297,"0.510649253733405"
"2521","sp|P50151|GBG10_HUMAN",97903.8826397469,109408.725263245,153156.26714517,123243.267189765,184627.88570493,196335.215407436,119442.365964366,260606.039502602,233063.233386184,188041.649787998,222673.727596847,197833.16145584,166236.892835835,"0.626910829359914"
"2522","sp|Q9Y285|SYFA_HUMAN",25597.8798207902,25884.2164193953,1291.89477386712,1270.87103830494,16600.3617582719,14494.749799509,18061.9412583752,19027.5643291717,21376.5912028268,4470.84898265689,1470.24658802197,150814.275694906,118721.343524796,"0.232673168526897"
"2523","sp|P62910|RL32_HUMAN",35867.4096900832,56715.9474085282,61050.8864378154,53557.2870518036,22833.9127271828,27222.7333197769,116560.068370339,25988.1096788107,47091.5142273675,43679.7351072549,34925.621499928,40116.5857012307,47855.899001047,"0.0359183306627911"
"2524","sp|Q96A72|MGN2_HUMAN",3586.95488042599,11372.9246841808,9570.31727817885,22352.6031568045,111367.355059944,69879.5054731506,1143.70075311677,209683.72959759,213407.09765388,164939.187462933,203409.950775956,73322.0709280866,82519.3570418348,"0.736694536226059"
"2525","sp|Q00653|NFKB2_HUMAN",8470.82389940734,12167.5212181879,2692.34337906433,5521.33086841221,9129.14705735732,7504.37937619653,123.044615760132,109576.384986571,108295.995920383,11932.9806508369,20445.5519861504,22855.9394616621,38222.1228095671,"0.22375018288108"
"2527","sp|O75608|LYPA1_HUMAN",781550.284705878,861702.854400508,406980.150301599,488446.406510385,271321.727409571,274290.678856406,1295126.08499082,485477.172693952,325572.641540124,336036.317154381,307706.303465478,226841.344445116,247256.318731826,"0.474420436965141"
"2528","sp|O15254|ACOX3_HUMAN",20001.6015814151,15524.3812231577,7752.25999119068,9433.59843006146,39203.3944092496,13725.5312678051,14463.7950452363,68273.115039089,44147.5021758629,26313.0359959846,36467.3086076962,60259.3136181707,65188.4837935235,"0.203492772994797"
"2529","sp|Q9BZJ0|CRNL1_HUMAN",152326.770949791,189988.944201371,131027.744044478,166539.806121201,298198.083205667,358705.474712356,143051.04155768,80674.0407501248,140402.036584982,73174.8696681246,87417.4073103809,124033.927475618,92744.0318919349,"0.704954811939694"
"2530","sp|Q9BQ69|MACD1_HUMAN",12516.046742058,12425.4119710536,1635.41098025798,2821.44035153933,78548.0740972046,68699.7125410935,549.206233347265,41325.3034078374,55328.8423794059,44715.8542686851,34395.3458028407,19773.2438123805,30379.0774580583,"0.412739505559459"
"2531","sp|P62917|RL8_HUMAN",522133.017349447,639584.909316005,861066.897632176,1414060.62812285,1168045.17908712,1322120.47394712,886119.219060642,2609563.9783234,3034739.29641122,2753827.56284295,2840721.6461178,1956049.03004106,2273104.26487698,"0.581696163487123"
"2532","sp|P50238|CRIP1_HUMAN",701963.260014681,630873.956699025,917234.982766046,1053890.95418156,960309.351148862,1121138.90294852,229045.000771879,215522.720165634,199829.297564205,500135.376235826,528691.481842,498082.377320132,438395.183135402,"0.221471583594232"
"2533","sp|P60866|RS20_HUMAN",413184.887535085,378938.068294163,323755.439282543,328832.279270184,560812.419498864,554879.660972021,171431.441623932,436170.988973361,346900.061350852,1018154.87230074,1079936.42031049,491629.62525763,446904.381288766,"0.872229750457428"
"2534","sp|Q08722|CD47_HUMAN",442023.596331699,342068.468890846,596601.17806108,513131.793641524,386177.707386966,352103.936141555,644664.392550204,187154.331927366,123221.075005775,176563.750635247,182849.114188396,114033.442756014,105162.457114644,"0.408280843427127"
"2535","sp|Q92797|SYMPK_HUMAN;sp|P07864|LDHC_HUMAN;sp|Q5VZM2|RRAGB_HUMAN;sp|Q7L523|RRAGA_HUMAN",18576989.5048161,13395720.2374909,8534670.56117271,13374039.3962024,11094003.3013437,11096952.0454075,25059643.1230072,6812065.23808794,5992335.73653451,5983316.29730891,6280902.57215441,3609023.54073116,3351746.41192339,"0.440378819515954"
"2536","sp|P30042|ES1_HUMAN",1973523.79946305,1335631.93040944,1481908.76200387,1068159.03748005,909514.146125888,734490.601717376,975626.801977268,615346.655259073,650591.36805506,854806.087071962,1001432.97531444,438825.795919338,512120.932223121,"0.339546627015997"
"2537","sp|P02747|C1QC_HUMAN",968762.95994322,758118.154994151,902604.578337815,893583.697118134,632655.986423445,631046.903923166,1431937.5980196,421834.670279486,398592.630655777,1104279.54478959,1247974.10781142,420357.628911982,440693.674320808,"0.167847039189448"
"2538","sp|P61970|NTF2_HUMAN",541554.645658664,1091063.522074,1485899.29096569,797133.400471587,702545.422223664,697429.421389052,1099748.52885771,546430.874121092,653162.735145288,1171671.6625141,1404409.95819769,571407.305732037,874357.373787714,"0.945105839328316"
"2539","sp|Q00325|MPCP_HUMAN",1296231.4799794,1007827.33756968,607264.768870135,704596.679809393,613799.539268524,763036.107237058,496633.027794863,942215.539671987,831765.987621589,795896.392083876,781210.776283652,769095.465720946,746298.218275857,"0.504222750666311"
"2540","sp|P01604|KV112_HUMAN;sp|Q96NH3|BROMI_HUMAN",410678.650836246,316444.51765085,369116.120047153,458965.573099597,455415.854796902,502949.499207291,222727.06014124,511639.313151907,631765.006359009,821985.429371052,823262.41162194,288447.987526349,458695.55207809,"0.964064765815597"
"2541","sp|Q13488|VPP3_HUMAN",280401.180581722,266070.912239073,184826.793124579,162301.571124637,86796.5770767432,115257.064939139,92529.0755741428,237277.225495696,167731.479354068,102993.108977256,148060.361570654,118457.994359684,158313.935439496,"0.455499230428414"
"2542","sp|Q8TDB8|GTR14_HUMAN;sp|P11169|GTR3_HUMAN",518611.42951692,259557.259351713,348137.146453337,292965.825081061,372702.782922637,424935.172909126,597602.747269097,1596012.70184171,1710317.51626461,1721896.5922673,1570240.22802527,987025.467794464,1054765.50171514,"0.612205918245219"
"2543","sp|Q9Y2R0|COA3_HUMAN",302317.422019775,208010.360715996,217951.60936748,266742.468217625,166231.082773426,149743.706139261,213493.090794016,304950.355916291,253972.631760197,155500.911991902,171759.100976008,178753.417606607,158387.681374302,"0.560110490564014"
"2544","sp|Q7L5N1|CSN6_HUMAN",260164.978886556,229691.278968945,225070.866808227,276162.203475181,206229.048175676,220285.830151642,460658.335207123,328057.800866746,303690.594321316,215198.29063607,218513.138930339,283961.593300891,279368.242856411,"0.511420528946569"
"2545","sp|Q8N5K1|CISD2_HUMAN",77436.5345548257,216044.700265102,349076.830168268,131066.643759381,258244.878475973,136868.386511007,208884.154879098,377014.859447749,414919.540467536,319072.027060328,330856.669031425,425063.504456241,520365.373695929,"0.347616718397696"
"2546","sp|Q03519|TAP2_HUMAN",56086.8830809307,40984.1218588244,149690.047665237,95641.8558368245,167442.977070151,155722.798600462,65480.3794118474,167220.152106401,151899.328927029,92139.9508606805,73389.1894525802,126704.407495118,109699.028584216,"0.0375058972871629"
"2547","sp|Q9BQL6|FERM1_HUMAN",2953.32834254901,1391.91656194126,736.053519454688,311.221758316998,773.464316680754,266.600594595023,1858.21810784856,18427.8754741248,16164.5537409897,16429.568263172,16385.574683485,12384.3010246772,13057.5487236304,"0.578772338182164"
"2548","sp|Q9Y5J7|TIM9_HUMAN",131811.691488178,130414.526993621,50349.3510362033,78245.2816090915,76972.7993934503,77939.9744607896,74648.19134679,160074.384686596,83003.4862470809,88137.2266000943,75219.8397003831,270696.778303529,177108.36839972,"0.493216466404909"
"2549","sp|Q9UBW8|CSN7A_HUMAN",230053.491463964,254520.835476582,215107.625174176,169714.645381492,290650.204133194,305162.284941897,126426.148466172,386893.542429793,398834.638458642,451784.290131805,441964.704188333,223914.183621093,227412.875246776,"0.926245985228869"
"2550","sp|P52594|AGFG1_HUMAN",95492.6876769127,75623.5737284009,50116.2958896708,77063.0115944188,97652.5253157594,98003.2649078628,42372.1554623124,73907.7563171967,63556.105810345,104834.5155296,109373.546100412,117401.269543205,111576.178766123,"0.931302692658365"
"2551","sp|P43353|AL3B1_HUMAN;sp|P48448|AL3B2_HUMAN",1817957.94383826,1541495.46214409,405726.977143118,337881.663191239,344876.733546568,261103.151490713,625707.489005628,266382.2129063,212357.292541778,180856.655817303,173759.360627883,630958.698689931,698686.478336707,"0.589421604321395"
"2552","sp|P09913|IFIT2_HUMAN;sp|Q5T764|IFT1B_HUMAN",62998.5802205075,58146.6399708649,61151.0586668169,50654.0024149876,77292.5657032497,54758.4687321729,41251.093145187,402035.23341371,320302.60527257,19198.9548164717,15621.2273085318,45425.5795604205,40687.8906004716,"0.472679020728628"
"2553","sp|P20839|IMDH1_HUMAN",84962.1340063972,48572.5170740867,54049.470240172,45044.7625257815,59169.4881004948,69115.8248213532,25305.1973490075,130538.933037916,118749.560106261,136058.787226607,145755.46699244,97493.4595043269,84500.8908368266,"0.976351776145682"
"2554","sp|P22792|CPN2_HUMAN",60634.7323915771,60324.1328923842,237896.634981654,273281.574377698,47261.4171442362,110420.288793368,394278.380992432,52576.1937187084,49110.3889335268,76564.210821221,71971.6413243606,92509.6331495766,90585.6061433513,"0.360695508848437"
"2555","sp|Q9P1F3|ABRAL_HUMAN",713663.19086448,422366.626512406,277797.383433196,344058.823228945,334180.021833341,318520.97709711,194897.900165829,165201.804730084,165518.446728435,196018.731096407,262691.147908493,576694.694314412,589322.837007475,"0.667767205100794"
"2556","sp|Q16270|IBP7_HUMAN",29816.6421187936,20757.9979553069,47711.7881275008,52000.1308492513,74735.1086005984,67904.9488748827,282.204682619848,42251.3471348374,37993.4968454171,229235.591893267,231499.371316902,47528.3514258784,50867.0566932635,"0.931443309173609"
"2557","sp|Q99805|TM9S2_HUMAN",123103.142757357,191873.613114992,161826.323765235,197293.060257251,125735.671037492,90655.2563606448,149643.069096165,170180.488019732,125717.891643801,161496.918494822,204826.518866731,268412.985298346,249509.126101387,"0.519224821730859"
"2558","sp|Q14520|HABP2_HUMAN",153640.388601542,126725.141488305,41346.6630382526,85582.4729734654,113528.876675186,56075.9226637983,266580.097649375,34123.1734283837,36668.9353656377,102752.507504002,100562.565147776,65833.9272277893,121707.041740791,"0.324977957149152"
"2559","sp|P02511|CRYAB_HUMAN",244015.083526453,96418.6879214663,392602.847537849,247493.527716563,119045.902631502,207667.728738911,265207.91747819,36951.8114719599,49023.610917154,51368.828825312,49671.9050821237,86276.7670095145,98692.1956037699,"0.561399017787297"
"2560","sp|P78406|RAE1L_HUMAN",64527.3054256526,91705.8397513398,37222.4165405512,51574.1917206241,60451.1809644599,40524.5638285214,57018.1303632192,117436.665195726,87904.6179645017,177628.572199827,206755.880883062,54200.7850869896,61503.5298391595,"0.845507108269709"
"2561","sp|Q02338|BDH_HUMAN",76578.6670107868,102021.782078947,33509.0446894339,21633.2840906102,17333.3601857714,16179.9652263089,32460.5551626284,118261.651570719,138813.502678475,50360.8827102705,42713.6610322657,79684.0905403351,82467.8794012974,"0.478648516890633"
"2563","sp|Q92922|SMRC1_HUMAN",2469.45512567425,2875.90616801477,1722.22961856493,3058.57410139034,3119.71794392545,2607.67372354084,2232.96256833269,19465.8884695443,18488.5985874907,3354.74180072533,7790.39326463311,5011.72812137555,6884.9906516546,"0.456908530497951"
"2564","sp|P35249|RFC4_HUMAN",66754.1899383648,92177.7049883973,100764.110062236,70153.6742198511,87151.6321201056,67881.085949923,51383.9617556204,381287.644114939,381255.297848816,238259.003731216,234303.087697204,191005.458168582,199502.294396023,"0.433571153070625"
"2565","sp|Q96K76|UBP47_HUMAN",92063.1256323091,96845.2246714725,78526.032250462,91833.9953057248,79247.0220029351,64940.9463352034,49079.4627128136,112479.449967983,62960.8404676691,99199.4407264652,117339.589947325,71637.2005390643,69804.5986439432,"0.313415006206234"
"2566","sp|P50452|SPB8_HUMAN;sp|O75830|SPI2_HUMAN",408399.842931418,142767.427669451,447823.336750002,571930.449988447,844649.618498941,880132.453776711,174598.34803207,122138.563542439,96531.9187066084,331101.613231551,319372.220781211,209270.997079987,243491.106103523,"0.136720465133263"
"2567","sp|Q06587|RING1_HUMAN;sp|Q99496|RING2_HUMAN",63847.3364576433,92128.8588891466,96085.5707242769,116129.156147321,165558.447301991,138792.336480784,70131.7410975384,153309.562969732,160007.575026798,224268.281821697,173726.477171813,149653.471076049,151736.307604567,"0.505829088115724"
"2568","sp|Q9HD42|CHM1A_HUMAN",52117.1490033901,28035.7191865878,18186.3732930579,51518.2765374465,31311.9416488835,32465.5514778735,49917.8837850989,8630.42294260471,18085.0983200043,36167.3635086639,31428.1186605998,18426.6113652411,24172.1734732644,"0.343292162828492"
"2569","sp|Q9UBX3|DIC_HUMAN",16586.2812849205,10424.0640095001,19469.8419717135,19061.4082945863,15936.9050314937,13127.7093733562,20144.7662474726,126118.090512556,120935.530201146,56136.6254224295,64245.5137692026,59670.7258271147,48466.6974584096,"0.410977214870766"
"2570","sp|Q9NRX4|PHP14_HUMAN",61997.2765091523,59191.7370061452,190479.649292726,182106.364449104,97132.9050951131,104436.305227799,30656.7149612868,157868.791144726,138536.864072346,241513.845156394,233088.046371788,13126.2057977082,11554.6930151422,"0.861323344377714"
"2571","sp|Q6NXG1|ESRP1_HUMAN;sp|Q9H6T0|ESRP2_HUMAN",32121.4203409711,34131.2777369293,50934.7333656855,45474.0730534864,58081.3733201364,76245.3821684332,136171.231629099,167175.246445431,155771.453028819,57092.9298714636,53643.0191586524,137471.138219506,131742.016733408,"0.0442706610106051"
"2572","sp|Q9UH65|SWP70_HUMAN",130701.392576188,130723.054111745,134156.447876719,167342.657152825,204989.774685639,224672.171193579,297774.460783921,94974.7029886035,109967.762058069,95467.2753582525,78769.297309443,121012.284614529,123976.816897009,"0.973347801631988"
"2573","sp|Q9BY50|SC11C_HUMAN",73186.9515005945,95215.506144779,74639.5700634262,54183.4348341337,104404.98208176,96561.7432911905,119178.31450955,130533.152397444,127897.30164876,231501.987753119,252527.849271831,756169.3843805,921966.155291602,"0.167700919241045"
"2574","sp|P55263|ADK_HUMAN",46741.758940165,56947.7845449564,79207.4627150418,56024.4347082528,68055.6090461152,47824.5144421649,28156.3522765763,51728.956160039,46361.8110473942,60900.9199939137,70251.997245678,53407.9933752791,39037.5346059026,"0.771615288287864"
"2575","sp|Q01955|CO4A3_HUMAN",221108.788104758,193699.397432768,484335.501452455,449244.883308681,407884.597524556,408236.117101701,269316.56465979,226770.181009546,198551.124752035,326641.164053171,477772.590521076,164861.064042927,156521.189895775,"0.629687492891314"
"2576","sp|P08493|MGP_HUMAN",56127.8449241524,87478.4911124941,280027.448232183,191008.095369124,132056.378463002,126517.618170114,340492.845036954,3427.060186972,2752.14547932067,32510.4154113003,41254.9287337318,21188.9873442036,21062.9393038474,"0.0947254225561977"
"2577","sp|Q96S52|PIGS_HUMAN",69056.2893194085,116537.436170638,90829.758540542,126256.195911967,108466.034171299,103241.698994097,50112.9542437347,148253.859788179,127351.663393406,103694.211051531,108398.87999948,138188.507929912,107096.488283005,"0.36997887796335"
"2578","sp|O43665|RGS10_HUMAN",289033.121876448,248701.644494359,181557.737823144,115434.083945983,213400.571355371,202232.231275997,359059.939226118,170875.026317653,189718.174106882,224047.335845554,257378.1253694,218528.999053988,239389.307106935,"0.127035224885969"
"2579","sp|P57105|SYJ2B_HUMAN",35532.881568791,30398.0373372136,30119.9360752792,32449.0947086978,44797.697904703,57147.0469547555,15460.6703528329,52629.1894407573,49091.4560581462,44465.2713793928,43811.0573516691,49172.1103702142,39596.2516178287,"0.385859594489404"
"2580","sp|Q8N5M9|JAGN1_HUMAN",41327.09675482,52663.7954367894,120341.987885623,66968.4707513161,133850.667692072,109562.467885416,90158.4467302246,116306.89789704,86437.2170101056,86811.6541741062,93674.7813636259,87336.3745681493,100607.869734687,"0.533724456278368"
"2581","sp|Q13201|MMRN1_HUMAN",17134.3660557132,20955.056743363,45332.4802422921,53431.113044577,22983.5793035023,33587.8635240774,393050.650071767,22091.5271406511,8886.80552694311,65357.5699385798,74846.8997629245,41510.8876047411,40105.3727567858,"0.996747679678678"
"2582","sp|Q16611|BAK_HUMAN",179103.924762529,184676.555181928,251575.049935653,218757.938482601,213690.840707313,210983.55732476,393082.810934307,144243.574899033,144928.509216352,205757.81155137,218637.010079286,97135.0977677538,105113.553032679,"0.233098793270149"
"2583","sp|Q8WU76|SCFD2_HUMAN",56315.0602005608,41861.363997388,27422.9189620054,19216.5533557282,38529.8342929813,43647.9106353001,22829.4875666307,22726.1058989789,26212.7659020209,30337.1900860083,33586.1507842674,49464.5347255324,64880.980704551,"0.79295695125407"
"2584","sp|Q6UB35|C1TM_HUMAN",58163.9650527762,96582.4706412242,24848.9270080114,5865.70443261257,40097.3184951391,44378.5752818407,11421.6541120392,152885.381886428,79044.6410484513,150939.594367426,175044.57115064,112730.040444434,75799.8713691335,"0.977402936279655"
"2585","sp|Q15172|2A5A_HUMAN",228924.866613475,261598.264687277,201342.946967158,210699.67479993,197899.135665213,177441.349921741,200636.971332791,137207.919589912,107281.506216713,59262.8601885236,72119.359235618,186549.473302442,167535.025017642,"0.754924317921527"
"2586","sp|Q9NXG2|THUM1_HUMAN",44101.9096514711,12436.642347367,101917.845324061,124326.404709209,33961.598340326,46404.3367030567,73418.9681015956,12957.7853395751,2440.93904269022,110427.594805899,113783.283607345,99159.639999718,82106.6304469421,"0.954572413098141"
"2587","sp|O75410|TACC1_HUMAN",58333.7183515216,72757.9670921928,62719.2273764056,58758.339093042,63848.2086470716,50183.3099479653,21865.4885242653,33677.0631765786,28279.627668887,35458.4139026643,44897.6641043764,96194.3946405018,108047.199460951,"0.565191756875641"
"2588","sp|Q9P2A4|ABI3_HUMAN",84464.5597560907,150834.733215945,30962.6037259702,30305.4952269569,104770.447092352,120687.911600708,26657.801883807,37868.5737499512,44099.0938031337,38063.1331868694,127187.687401502,24977.2960963553,18813.0816996513,"0.156837250137375"
"2589","sp|Q12824|SNF5_HUMAN",10725.3196441106,14544.453403602,6448.17370368573,22077.025799326,18704.4602375549,21051.979448691,14331.7462424535,87976.776196792,57390.4287513011,46771.2887336244,46824.2571523291,97228.1016546471,74888.3352493827,"0.250426400663989"
"2590","sp|Q9BV40|VAMP8_HUMAN",292403.963980338,274776.854047227,159789.66363857,236728.242757294,125663.783711481,120250.961061265,298518.366769515,105307.90390972,115227.58926783,68043.6690448494,78120.0588233111,110974.951002991,114015.767239353,"0.561741754697131"
"2591","sp|O95816|BAG2_HUMAN",19517.8831095546,31351.842519694,65436.9116815139,57660.1026079778,129797.933381936,95664.7355691767,24138.4420531824,22787.1927012721,24086.8411119026,151910.635181269,118297.241443518,29125.3938088018,37804.8057381935,"0.958971633602628"
"2592","sp|O95050|INMT_HUMAN",26985.5060139698,3304.84133570054,105884.727859391,149338.50750155,13417.1091351824,894.024619626117,49390.5396814613,8338.76880368133,4781.24681681753,7722.78331119289,13765.9269293801,18714.2042707702,11798.3401863753,"0.384685763607423"
"2593","sp|P19784|CSK22_HUMAN",24103.3152921853,16752.7566172374,9776.86605766292,25914.4230690259,30256.0380045468,19328.1102739797,8763.56370980016,58011.8263062465,29444.155328733,67452.9792838156,60893.4509437519,34199.9411400712,58818.7476920037,"0.751836118890787"
"2594","sp|Q5JTZ9|SYAM_HUMAN",35037.9223044875,31538.9317097765,43508.8204252156,65042.9942795761,76200.168748557,60466.7257017695,28409.5887867724,62295.1636751356,64444.6368436502,124710.862277544,103976.772371913,91051.7836260155,92634.391587557,"0.587586082120917"
"2595","sp|Q9H1B7|I2BPL_HUMAN;sp|Q7Z5L9|I2BP2_HUMAN",50979.4132907988,87825.5230562349,97134.7407217507,99760.050260278,141845.58265321,123552.904119403,6168.34606129279,101134.23299678,118195.132185232,155158.02171421,128794.477742039,145108.605410782,156503.990889663,"0.409917113514399"
"2596","sp|Q9HCU5|PREB_HUMAN",36259.4886969068,52608.5358140606,59715.8861342602,52847.2888030793,19642.4452972124,21161.5234821822,61812.2435313896,76178.7456434124,71218.5259715216,46400.3293419998,34385.8996157945,107413.684713523,123792.682712571,"0.0737999060838452"
"2597","sp|Q9Y259|CHKB_HUMAN",132403.369781322,129626.250762525,112731.521831607,143180.39190438,151026.478033889,96303.7064643176,168875.050748598,104253.925038795,109675.904400452,221394.688046208,252535.259400876,127597.30290347,141718.206430272,"0.782276141795126"
"2598","sp|O14920|IKKB_HUMAN",10073.9317329118,10873.0754897953,33674.1261231752,28060.7947610234,29154.6735249347,34273.2405567505,14059.6658898491,53378.1809001448,52175.1738683885,44928.548571688,51040.8685042349,21972.2483729863,21147.6960131689,"0.773023954490531"
"2599","sp|Q15654|TRIP6_HUMAN",23109.8900689966,106164.531928155,168389.608564048,30942.1513790557,220640.411306542,250462.509354116,34519.5471143455,74852.012760266,100578.123658259,114679.195701026,129244.058103669,58478.4129231499,66780.4929890005,"0.795166872750722"
"2600","sp|Q16610|ECM1_HUMAN",27566.690819861,48165.3713001238,30955.6288320595,28059.7840428307,24590.6478473869,29594.9061521665,36469.4556697489,54711.8157111941,50042.144511875,88578.2457895703,104940.547940248,47396.8160185419,51313.3751134327,"0.964274768113223"
"2601","sp|Q6NSW5|FA45B_HUMAN",29468.5009496633,36693.1708445867,24609.1028737844,38172.8035661886,36224.022436958,27696.3458220832,26816.6654182694,74107.2504428279,58333.6000154185,50065.9986332964,32191.9384330322,55868.3904885157,74545.5428361997,"0.0255739865445678"
"2603","sp|Q5U651|RAIN_HUMAN",59227.97711908,66103.7008766975,124994.038079662,94359.1881375578,109526.68331589,107772.29177075,31307.6562547457,37998.1985304074,16590.4962603905,19924.8953121135,32717.6294503778,50024.0311050921,28436.2437710245,"0.413035335607491"
"2604","sp|P61513|RL37A_HUMAN",11708.7618260058,22684.7127881322,43559.3169188582,21413.607235571,127082.61122444,87332.6347608702,9426.07220647116,854.087483657076,2001.62437219335,66659.5888987748,74524.331778866,41661.7935238659,32649.6501913494,"0.992432141021148"
"2606","sp|Q9UEW8|STK39_HUMAN",7327.86280934456,9804.98428529087,5447.83029083711,9144.76414653857,7442.28767629702,5127.40387330856,8476.84955077915,38979.8029640102,19175.1875148682,14777.4021045723,20370.8499775165,24807.5659911975,20831.4780248254,"0.514373586994894"
"2607","sp|P17050|NAGAB_HUMAN",117252.492207851,135665.983994767,74045.0841672379,83378.3092921254,54218.3615946394,54299.6290620075,47277.9099329147,119658.231278773,117271.564430129,188663.828661693,293652.073953683,174915.14178279,169396.636878658,"0.882555977060779"
"2608","sp|Q9UI10|EI2BD_HUMAN",6674.82409583708,8594.32387100706,6746.2874392897,6131.52620353472,6443.61219383678,9564.5847535483,7667.83488074331,43651.1429262003,45036.6136230678,18696.7492463331,16782.4964867497,24979.058691688,18391.8422739856,"0.161697542267423"
"2609","sp|Q96T76|MMS19_HUMAN",6661.85274954602,678.383247805031,10153.0109793015,13832.5099481065,35771.1623478418,32628.9251955652,1145.36838511349,37538.910494466,39827.9063218386,58168.3754033775,79449.2561137548,33922.7150289105,29274.3440714777,"0.912492499177332"
"2610","sp|Q8IY81|SPB1_HUMAN",7215.01267537719,4139.14825444256,11669.2821537943,15947.3776205634,12217.0245764241,13954.6827285038,6600.32721938585,163050.063477697,147715.278340386,48399.0349075251,33217.6945518795,72121.8246086138,101248.471939715,"0.0570872031479771"
"2611","sp|Q9NRY5|F1142_HUMAN",165913.69731664,101038.328200942,84531.8896027166,66608.6489665767,117535.669003124,153878.929637816,114707.620913273,51756.5047929332,60409.7524721309,41410.852046358,38186.4564943026,76442.8971687221,84241.0758635743,"0.629703085181513"
"2612","sp|O75688|PPM1B_HUMAN",99194.134298005,176014.681647828,125846.882048497,83293.392574735,85446.8494811233,68640.203810008,214840.675745608,72796.535248242,70081.3726887171,52261.1964887527,65736.933133991,101399.973481986,96258.7892331865,"0.811743715864843"
"2613","sp|P52292|IMA1_HUMAN",28415.2984279984,27396.6777489735,26837.9211681077,20258.2092013615,30668.7212817328,29228.4592824577,3440.44342539889,435410.396345855,382522.68430602,204553.088149386,231193.480498911,298756.033956713,308023.2902652,"0.352048178707053"
"2614","sp|Q8WWP7|GIMA1_HUMAN",26260.2634049803,35309.7168961334,67510.3127913548,54041.2393938361,193913.812654174,159449.251925581,4530.48937894617,32382.9698466043,35679.7744162802,89862.6158028455,81186.943712852,42024.6218548817,36506.2395747414,"0.925203135551163"
"2615","sp|P56211|ARP19_HUMAN;sp|O43768|ENSA_HUMAN",217069.593930846,209432.493878686,196216.265331678,177475.293453849,202120.493984511,147727.84227616,109798.133375979,231696.058709028,236508.085572976,139035.454272591,120000.129067121,179216.054561794,192731.31627727,"0.9367739253241"
"2616","sp|Q9H3S7|PTN23_HUMAN",141231.620665339,115345.719032356,102240.451485128,102991.146473153,85069.9543391018,71395.1345782069,68832.5482304614,58179.3827960076,48096.805263171,65102.2371855793,68113.7849460442,58337.7145768183,53833.6774834921,"0.426128382390101"
"2617","sp|Q8WXI9|P66B_HUMAN",2165.39678371556,5764.63635291056,1886.89546751243,3137.78223253526,8046.77469346646,5676.96603954705,13629.3815406952,12191.2278492303,21789.8927494576,14098.581823946,14771.6028822912,12117.7945856735,8576.23646311551,"0.519468426359882"
"2618","sp|Q92485|ASM3B_HUMAN",29861.7060491105,40058.0377153398,20578.1813035797,8774.19880085541,30496.1048231766,31003.984189542,107601.76824239,17172.893611393,17188.6751722117,109991.192299917,104632.839139731,43349.3903422084,50537.062613741,"0.965440285655221"
"2619","sp|P31151|S10A7_HUMAN",33658.1906253986,18199.40993431,13203.3605943398,18142.707110847,19924.6608465175,10766.8852366985,53600.7590186338,356256.847867575,399278.098834644,88502.8241043877,108542.804200713,1238783.7857018,1301194.8625634,"0.106748795519406"
"2620","sp|Q9P000|COMD9_HUMAN",40991.2098183223,41343.4118461489,49435.767378542,43835.2648667,84399.5356108937,66676.3574006356,28122.509798076,71776.3879512876,65920.2250425891,56352.1195021713,48063.2094815184,57392.9081519764,57203.9375305203,"0.0889482650827764"
"2621","sp|Q8N122|RPTOR_HUMAN",11695.2313777426,4633.39799333666,34333.2848346059,35297.3214509369,44901.8584326408,31335.5941816477,143885.702179919,68970.0157624383,42320.3206204279,49853.1324586321,45988.5874957687,33979.8798401246,30796.6777882707,"0.616399303198243"
"2622","sp|O75427|LRCH4_HUMAN",65836.5056655352,93935.3246408623,63516.0203781149,56610.098063762,76204.2387046936,70765.760395937,29828.9536233042,46265.4833350125,42532.8404342353,92097.5197307663,106839.791356241,102988.053315912,101301.804404452,"0.917781372583569"
"2623","sp|P01880|IGHD_HUMAN",18783.3790994362,5605.35090050565,15805.2004605038,14133.674293561,95460.5205059373,71984.3180061447,68492.2606710594,6860.35481014434,2570.89258303595,55575.9779526339,74574.6200938456,17093.8547875098,18561.8063738271,"0.726898748535547"
"2625","sp|Q7LBC6|KDM3B_HUMAN",5442.6823138822,27639.1829326425,10149.8122975287,5428.68744856634,4604.37072701257,10369.2079693406,4075.02625312589,29373.2078873988,15695.8330546577,22548.9187744012,30761.67778227,30980.9857532,24907.8471762283,"0.682971167025491"
"2628","sp|Q96L92|SNX27_HUMAN",67820.9782049262,122049.192068396,83308.309681622,75501.7710773822,207468.17855307,157978.552739365,110704.154658109,91496.1736537569,74316.6682911252,112492.975281695,105066.183844083,60766.847618142,46780.2409374818,"0.797831494047272"
"2629","sp|Q14257|RCN2_HUMAN",25193.5757812218,44061.1849528872,22813.1751442303,28710.8812487747,16119.7148418214,8122.5332377752,4867.51272846693,35432.1800250306,27367.3438124385,10900.5441558401,17918.3050880224,67856.9089244057,68505.7179166588,"0.251169951530328"
"2630","sp|Q96AQ6|PBIP1_HUMAN;sp|Q07283|TRHY_HUMAN;sp|Q9NU22|MDN1_HUMAN;sp|Q9H329|E41LB_HUMAN;sp|Q96CN9|GCC1_HUMAN;sp|Q7Z388|D19L4_HUMAN;sp|P19429|TNNI3_HUMAN;sp|Q13901|C1D_HUMAN;sp|O95361|TRI16_HUMAN;sp|P0CG23|ZN853_HUMAN;sp|C9JI98|TM238_HUMAN",3874423.86217307,3315374.84896072,1003439.13486401,653240.5083336,1054217.84699667,1068487.01486697,2555542.40365941,18821683.8418315,16699703.4086633,418681.170340634,583209.588695912,15719284.7042183,15872578.7241888,"0.127016799468476"
"2631","sp|Q5TFE4|NT5D1_HUMAN",27718.0386784421,87570.2226176733,107055.946457707,38056.4280069246,48024.8676325085,54174.3610402804,35936.1869425026,54935.1102094636,63552.4669945753,66430.8250883656,65376.4261117491,75717.9114648768,107680.77771322,"0.336838272468373"
"2632","sp|Q14566|MCM6_HUMAN",17701.3973672781,18621.977448568,20713.0374040523,19742.3782330033,23558.7062920626,18372.0340752672,34109.8971509952,80093.0249780272,70433.6977650394,108657.567054416,119480.585052769,35725.3396746279,42778.7989341849,"0.916325029923434"
"2634","sp|Q13315|ATM_HUMAN",20578.765633411,19576.8191472227,12723.8430907397,14060.8954580133,20009.8197773954,21135.2512616288,8911.70579717142,48570.1951351854,43672.273127349,48339.7543876228,51319.150374333,41476.7254341402,24845.2371892272,"0.764947663065279"
"2635","sp|O95881|TXD12_HUMAN",71351.4482455966,63767.3115332396,52109.7266601024,75796.5012800255,142323.905043149,138359.14672785,61438.5396668908,230065.828919104,264662.958388633,242207.351980322,215538.005089911,89667.7854516406,122835.859191294,"0.656082539034918"
"2636","sp|O60237|MYPT2_HUMAN",27007.3007212102,22687.6096213128,64861.2970641773,74477.624696002,71785.5075576188,59495.9093823739,4336.82321259171,6532.94637923288,7159.38548892895,34475.6507998231,22157.7887769333,3894.20687405501,4793.20527060085,"0.180721938402488"
"2637","sp|Q6UN15|FIP1_HUMAN",47425.2369183384,41427.5841205116,35464.191798062,50077.6870914995,79239.0059703369,100781.431171497,27282.7729578378,29991.8702819341,24491.7815055941,107080.613686967,134664.005847993,104876.173720278,80761.1915781523,"0.990485196099019"
"2638","sp|Q8IVM0|CCD50_HUMAN",8502.41411715687,13509.1923515054,3606.36261961571,588.441405706106,3495.87975518353,8530.64220766981,5532.44925396012,10903.2387776225,11794.8076938348,16607.4294712845,18757.9707722457,25282.4416724437,26294.8576425195,"0.424431870559566"
"2639","sp|P29622|KAIN_HUMAN",326501.018517801,279223.357541283,340585.403803057,333092.023136086,299815.001308247,254503.608505421,461062.501459895,92760.2273379664,89274.6559277942,286919.414028875,238402.794030032,71380.1512718207,60210.281609811,"0.11860245409025"
"2640","sp|Q9H8W4|PKHF2_HUMAN",80053.4215332417,50521.2756696812,70470.4853039762,77865.4709028172,131156.182594141,78890.5524241933,108052.944266981,21257.5870440824,20580.0438968058,108623.435040931,71209.1534266917,61455.6589485913,57552.9072579001,"0.465310801313038"
"2641","sp|O00423|EMAL1_HUMAN",14341.6947065796,11532.4664172231,41811.4846258536,27220.7035794634,69311.8521152251,55551.9785508261,23918.4286154531,3631.58448486924,6535.26785455397,6196.71721042568,3390.04499555892,10585.4034146455,14633.1915164486,"0.931966111353831"
"2642","sp|P49746|TSP3_HUMAN;sp|P35443|TSP4_HUMAN",3576.39720313414,1570.34513566581,6960.63424845719,4756.85403219064,20148.6162173147,22375.7134695491,171.142565015909,26634.0857886124,17203.7445464072,265738.716170865,280800.929980427,12306.6036367589,9057.96591282673,"0.888983073894846"
"2644","sp|Q16537|2A5E_HUMAN;sp|Q13362|2A5G_HUMAN;sp|Q15173|2A5B_HUMAN",194465.804243889,173516.622218077,168946.511810467,89469.8913593239,203005.330710074,197406.550020006,87848.6406928861,156178.771193924,228922.22645042,223947.921485256,263103.419729536,201944.80061172,227582.736514982,"0.994208319262371"
"2645","sp|Q9Y4E8|UBP15_HUMAN",8285.6444778953,3717.80371647283,1822.09479980327,41691.5011753811,15030.3065813617,5497.6105514234,9268.9734221968,40584.1474647477,39384.5006580336,9781.03779193968,9005.76992329308,5185.98898185663,11546.1336603737,"0.364242516515263"
"2646","sp|Q8TCS8|PNPT1_HUMAN",30507.4170468678,26660.9826897543,16858.4611281384,20687.4697450074,54455.3665086998,53497.0437042373,14564.4741685326,47823.8935903056,38398.148582255,22709.6678988763,21536.3852939304,92573.0438707798,98014.6415686318,"0.168706887414125"
"2647","sp|Q05086|UBE3A_HUMAN",30833.6973511267,49059.981300667,76830.835408124,74338.9262952934,98241.2484390402,101825.678615139,73492.647963113,162556.311450989,174223.958960692,61925.9728999764,67408.3878905808,70215.4183768456,86486.5473007218,"0.202390084237324"
"2648","sp|Q9Y6K9|NEMO_HUMAN",18276.8960314121,24551.0615013917,24371.1517251505,26501.4249268777,18803.7285016605,15418.675515943,62576.7733298955,23043.04709343,22011.7580893155,10322.9483362385,5275.33226338993,32655.5459305612,52604.0878517206,"0.293360164086396"
"2649","sp|P50479|PDLI4_HUMAN",25667.5004380506,11651.9100040351,114691.499986202,113411.074831763,22411.6266421066,33220.1693667791,118543.397718794,73506.4103993514,73450.2079496007,221259.297385894,298051.59122796,26502.921754423,22035.4010565615,"0.849034258027863"
"2650","sp|Q8N3R9|MPP5_HUMAN",6860.07302668759,10440.6210640438,85343.9626188071,89526.8555878538,36528.2044355344,56778.2333114021,15665.3600739452,11370.5770039055,11571.4738713446,1238.08306448753,3461.31698362487,19384.2919984556,20767.2316216419,"0.217439141843635"
"2651","sp|Q96J02|ITCH_HUMAN",24879.6637095156,21773.648083154,27264.9324196188,26828.2273420208,24116.2802880868,26838.1233714133,11514.5657711346,73096.4465256194,46915.3237006687,41939.1120770003,78193.2919595885,45427.2374411336,55542.5030762254,"0.95110076418806"
"2652","sp|P61956|SUMO2_HUMAN;sp|Q6EEV6|SUMO4_HUMAN",1593404.05930937,1389019.48879492,1258976.4121848,1522532.86173821,1428044.27777361,1484428.79978783,1864549.57043482,1183725.63315298,1396111.66574616,1910137.29726874,1786598.40121742,1420172.00565704,1399091.49811167,"0.506762949623529"
"2653","sp|Q05193|DYN1_HUMAN;sp|Q9UQ16|DYN3_HUMAN",734438.841123502,900121.294812091,907910.465908536,937481.930998249,1303493.1432207,834434.897779768,375606.248625672,999307.551349144,784348.552309897,1744695.75732232,1552100.43222986,539302.831215433,560965.736241503,"0.846297918586281"
"2654","sp|P20039|2B1B_HUMAN;sp|Q30154|DRB5_HUMAN",61874.9393277371,96651.5487894565,384281.504140034,457698.002158548,185411.609869023,186454.533497607,185737.922330957,24807.7356064613,33286.2330596009,108660.507483298,126571.788033345,489529.354431133,439687.347094225,"0.20502201601019"
"2655","sp|Q5VTU8|AT5EL_HUMAN",220688.965803172,224105.471695194,191591.197097069,197605.227941659,218210.319503834,246480.85981562,151221.850715735,185669.093211816,211126.564992413,208452.876038361,206681.868246878,213274.336611662,263567.319755117,"0.614330676436744"
"2656","sp|Q63HR2|TENC1_HUMAN",13252.0744433968,17825.2739887544,32368.8636863606,37985.473080014,50156.3952079466,45539.9672872973,23664.1908813882,1260.99288225733,1527.28151658889,9231.6177688117,2552.60566559624,12172.5316272591,12808.3800824827,"0.97185445812664"
"2657","sp|P13761|2B17_HUMAN;sp|Q30154|DRB5_HUMAN;sp|Q9TQE0|2B19_HUMAN;sp|P79483|DRB3_HUMAN",1596101.50490565,1363950.46646556,880874.499206489,700837.450849706,1129508.43198957,982755.645980981,821650.475662562,739157.93587151,718063.635754726,737348.420093605,806198.178993065,610680.564538819,576597.867339526,"0.4168152851373"
"2658","sp|Q53T59|H1BP3_HUMAN",111472.761592116,140219.637995705,104499.77392466,68272.0407075747,103819.882532265,80721.6008817352,68203.5304113517,72021.1003175648,111238.50846253,114776.203131626,71843.0888353333,174593.835304144,162218.327774714,"0.286229125330765"
"2659","sp|P42785|PCP_HUMAN",663412.510262621,419995.30638136,396969.192358498,399316.050634817,374471.527099706,674329.971542038,476277.336433479,534477.580160756,496657.874297439,493698.306524774,510204.098783921,399544.861063387,367872.110814986,"0.306052814506467"
"2660","sp|Q6PIU2|NCEH1_HUMAN",281566.041027655,227664.910319845,39195.49189677,57574.9231794533,102779.918459394,97784.8221433723,41248.6561632377,156654.148983284,184504.379960254,56199.0674763148,55184.0746727036,118427.168304968,110702.971922873,"0.674734740578088"
"2661","sp|Q9BZL6|KPCD2_HUMAN;sp|Q8IVW4|CDKL3_HUMAN;sp|Q00532|CDKL1_HUMAN;sp|O94806|KPCD3_HUMAN;sp|Q15139|KPCD1_HUMAN;sp|Q9NRP7|STK36_HUMAN;sp|O76039|CDKL5_HUMAN;sp|Q92772|CDKL2_HUMAN",257992.096845061,125158.690483196,441223.964208624,384003.437785284,527123.737119234,406493.143689317,205436.866626326,386730.268185431,494542.647205049,717445.330845036,761661.549460838,265010.457316877,293624.69188763,"0.991690664484917"
"2662","sp|Q52LJ0|FA98B_HUMAN",20216.42863535,19529.2458151058,51768.1812792597,38028.1283208678,95965.8950883971,75501.3955327589,4517.34278033552,163602.135108221,204532.781099338,91600.7252727498,107480.300044968,152892.30178543,138601.922308294,"0.301969870906105"
"2663","sp|Q15041|AR6P1_HUMAN",67822.888652061,46744.705520803,49035.7207983177,39476.8624923361,41219.662239267,46493.3719488166,26172.9966154967,25209.5226996445,47549.7819492975,41878.5970889328,44742.1279738228,29832.6562206724,30091.0795475106,"0.354450008209348"
"2664","sp|P27482|CALL3_HUMAN",7690.24268362063,9391.56655811238,4440.52778869124,2571.6586254174,4116.56476753097,532.845091239611,46492.1174145043,446585.218805041,417455.740131852,61588.3770806462,57691.0574056317,129713.429181296,103127.203777407,"0.154070274616904"
"2665","sp|Q92734|TFG_HUMAN",24349.6667385314,21408.167387944,36264.505448827,41514.4939697886,70008.3820526797,41331.5059675084,25428.221903202,120520.287740904,97682.9274935829,80533.7799019565,62721.4070575525,132488.580693173,130830.879428871,"0.127197468135489"
"2666","sp|Q9H089|LSG1_HUMAN",32353.0715931216,61384.2551551735,52238.4866658245,33617.1559457196,59940.3173717303,42211.3174991014,13284.2918884511,284379.3447513,302923.017173004,95535.3232700558,76407.523080858,40149.7023177166,40467.5034462276,"0.340647257713459"
"2667","sp|O00194|RB27B_HUMAN",45621.1786325804,75557.8236737084,27364.2450437317,22445.0892538657,24968.4454361497,26872.3350388818,84662.2838554536,19305.3191477225,21597.0156889677,26928.066421657,29176.1842932639,23667.7425599643,24277.2287165118,"0.370957848139469"
"2668","sp|D6REC4|CFA99_HUMAN",71680.3160628458,56775.2092385612,30181.4007874496,25903.6868832255,35988.5607491841,45103.1598985353,27448.6432824249,421020.532920317,456255.370962978,63567.7916045009,39352.8058778966,81622.3183143413,105702.798242106,"0.29720821919843"
"2669","sp|P09486|SPRC_HUMAN",25035.2640633948,32251.1083832145,58419.9592060158,48530.3401168959,35416.6096913761,64516.5967088779,55024.1844969558,83771.401184805,69160.2647420561,122078.071561724,126782.339207139,26573.0306240621,14399.0454040738,"0.950283524689025"
"2670","sp|Q8NHP8|PLBL2_HUMAN",84517.4166157634,77348.2245906575,28047.3027215262,30263.8553005311,47590.3496120414,26073.7971519757,28787.8799100708,113678.510405309,120103.853308096,42120.8922253544,33506.4710181151,32888.6596579503,49349.4164913301,"0.920950787597607"
"2671","sp|Q96IX5|USMG5_HUMAN",41439.6536745564,19478.2626384283,37763.1819703964,43277.4244739068,51907.1435400382,73627.8069586525,112208.085834668,54765.1278183512,62497.7760452863,78793.0520657914,101533.296700284,98678.4773300956,92382.2136588737,"0.700357694794483"
"2672","sp|P21589|5NTD_HUMAN",92829.6032055132,112327.67269151,168591.429606779,173658.880825636,175157.131752995,157617.213197644,81573.125240702,11504.5820668982,3484.11433451041,70142.6911369059,56730.7989214443,28597.7220145723,29260.3537004859,"0.230776615275283"
"2673","sp|Q5VWZ2|LYPL1_HUMAN",93823.9719566153,64688.1486576104,69393.3674718211,93083.9238696765,53450.095048252,57487.196139843,225924.709081679,73906.31105845,73835.0846830442,67069.8018355202,76200.8723091268,95894.7634432288,73287.5587416793,"0.535398822462386"
"2674","sp|P35542|SAA4_HUMAN",306318.674785806,305221.487947771,369669.69746859,911754.223986428,223592.086565063,194295.449200645,939201.454309354,186966.821354141,154419.417097786,124094.573342083,114759.618442961,142048.582706911,165198.658124674,"0.595901843092176"
"2675","sp|Q13586|STIM1_HUMAN",246635.247930619,229002.512520485,224622.796707173,226459.276825215,129749.868612633,126628.804523047,161630.309083593,215399.420547647,198648.789660549,118095.381237612,114132.821790101,352702.989092684,281168.47318799,"0.724655992375352"
"2676","sp|O96000|NDUBA_HUMAN",202576.766557868,201872.026222038,90039.5606403161,75514.5370604828,111103.047087692,85803.5493739199,142775.711554847,107607.969153954,98849.4873419901,112020.60607505,53666.1665694267,85011.3986492751,98827.5744949962,"0.696454427091814"
"2677","sp|P05771|KPCB_HUMAN",20993.7209861478,21868.5870618348,33595.4244970441,42534.0237503016,32820.184155805,34557.3255144876,26322.8119785241,21780.7599516447,41173.6019459232,19899.3407357623,39116.3443316934,27433.9428032261,28567.3183456891,"0.919552767083943"
"2678","sp|P17252|KPCA_HUMAN",23531.6105595212,35099.0602425425,21917.8133518434,22184.914213538,79974.0827988423,19913.5048980595,41385.1980028402,16579.5933700819,11521.6780095447,5285.2633693473,5398.764588606,6632.20483948212,17415.4715919797,"0.667266953861098"
"2679","sp|Q0JRZ9|FCHO2_HUMAN",108528.900367306,103197.042791007,105956.916672644,83814.3657778974,140887.903105388,124617.697324249,11822.6793390225,60414.6847220064,39407.4702237511,75305.0283863248,89865.0622723439,71084.5681934176,76629.2086056093,"0.111889863746135"
"2680","sp|Q9P253|VPS18_HUMAN",90795.8012496967,60260.5012872741,79162.8395207476,76242.9357325084,67611.4499434464,37779.9813805579,54438.6804016352,191572.971822572,198791.556995754,140926.505652529,121007.377234681,75508.7790782325,87393.0759553427,"0.513456477298777"
"2681","sp|O15231|ZN185_HUMAN",101926.373732183,107370.838790126,137360.563889091,180468.100024169,74806.480468959,69928.6928996778,209889.457842637,78982.5348479315,78694.6740942579,65966.1989275129,70668.3346849166,42219.8568555072,41283.4060520414,"0.303390545533513"
"2682","sp|P55212|CASP6_HUMAN",17887.9855787139,17219.0433436048,30661.8941505732,63909.5242943888,30647.4300841006,22170.4417363632,12304.2052204204,68336.5985074804,58677.1660146312,118162.450966683,65633.3032720051,61115.7440344538,86523.4579821723,"0.341596603761422"
"2683","sp|O60341|KDM1A_HUMAN",11337.7777495434,4975.63293089535,12265.1416151094,6721.45716806637,27339.2539612801,17171.731825182,20403.1202534572,25124.4204314964,26990.0658243362,21554.1166385011,22440.5645854881,33510.3276961728,26847.6002024755,"0.314591190935415"
"2684","sp|P78347|GTF2I_HUMAN",12097.5117551993,16012.9927839626,1196.85263655028,8199.98237997261,38323.6348643825,18440.9419050946,9054.7540541699,40022.6079026023,52997.9753816424,12786.1031058922,23745.6788776133,67553.6018328634,47322.1654280328,"0.104268351393337"
"2685","Int_O76070ups|SYUG_HUMAN_UPS",103731.918621902,90917.5451093177,78450.1830497186,106766.963004171,147562.16532211,113773.028002189,112417.106541,9238.91586629323,12422.7974528902,55963.6080565572,44785.7041959475,20514.1198254041,17910.755677051,"0.362084044822926"
"2686","sp|Q8IYI6|EXOC8_HUMAN",38230.2320953577,57448.250600277,145572.760649879,120556.489532662,166957.459815653,132896.794051767,97309.1755721308,105590.659518163,116435.633576986,30607.2546376395,34211.1642586378,93692.1112360427,75702.008784935,"0.112200830197597"
"2687","sp|Q68E01|INT3_HUMAN",5828.88752518968,9757.0327645469,41050.9989556775,22819.285341204,25407.6934151807,12107.325846525,9977.18295310369,116991.335443808,106372.43339081,39518.3737269006,41269.4491632556,30231.570084255,26421.3560793773,"0.365936599935976"
"2688","sp|P07204|TRBM_HUMAN",38733.5774313601,63784.0061897996,208794.408783436,326646.910895283,353309.133266365,308810.191781768,7985.96271942792,8285.37953583956,5433.69623463103,12993.3500959691,14065.6029514823,19440.3680879806,12479.5640884283,"0.467069906473581"
"2689","sp|Q9BTW9|TBCD_HUMAN",17922.2419529148,14585.2056366301,32362.8287059345,43147.2431844949,36740.9226601313,33704.1089479869,96073.9635734228,50436.7815897749,41012.7320991547,24105.5921679008,34164.9071611911,111473.933765825,82185.4433357028,"0.13708813301609"
"2690","sp|Q86YV0|RASL3_HUMAN",28770.8881849769,49545.0410439946,51101.7307837345,40179.0115202073,26919.600190709,25775.5345810006,53296.0750611062,54504.3387587675,42429.3990817783,65504.728221053,80593.2209780551,48752.2242333201,51547.5485626564,"0.925233677514132"
"2691","sp|Q9UGP8|SEC63_HUMAN",56355.5227544836,65605.0909627092,49263.530190317,37842.0706138945,47817.2912868182,51736.5109954132,23987.0239437253,49429.4964397846,75109.3678449388,156227.933443891,144419.957228569,37707.4791898436,40033.268373408,"0.868771170169846"
"2692","sp|Q9BSJ2|GCP2_HUMAN",127175.870660579,125843.588359478,144124.661772791,145056.920314595,172773.49165151,154235.446424537,76293.9275942339,132488.581843545,138764.96234502,116983.294274287,94165.6325242091,136024.981694119,148744.871718129,"0.49537445927134"
"2693","sp|Q9H267|VP33B_HUMAN",3799.77554492483,19557.6838634263,13423.538914311,24697.3672033587,43352.0912327297,18306.4393534065,87.1295308368774,35933.8619148094,33546.1848012516,28038.821081248,26353.8049350826,40657.7025019616,38417.6969483768,"0.339144152803448"
"2694","sp|Q9NP58|ABCB6_HUMAN",173823.36630601,171287.934841621,215134.437015323,80594.8078543618,250363.847795471,260773.530671453,262934.982103846,170396.313391669,133330.345788081,76246.1704235835,252207.548495779,555868.842378122,571608.8913629,"0.391617598412754"
"2695","sp|Q13573|SNW1_HUMAN",8929.39869070313,12416.8552395001,3308.18851884024,6521.49866295833,7232.27017384674,4125.14460151253,39094.6669317322,18038.1487652694,25234.8071385114,9347.0907658971,9247.68052398967,33637.672758701,33282.2797734818,"0.0748912956333549"
"2696","sp|P26022|PTX3_HUMAN",54919.7555881586,53767.4616147234,85914.0968800322,67008.6213614283,87481.4717647317,106480.298685897,194272.190994183,108822.818764873,117492.842279381,45871.1082863877,52398.8325182365,35628.6116204825,36681.3157720186,"0.809044488336489"
"2697","sp|Q9C0E8|LNP_HUMAN",98041.2444847195,82407.8439689314,73859.7588647468,67742.5819468758,117550.492507772,127045.175421212,76004.5374913412,134578.533233884,138503.63108386,277095.984836236,300695.818312763,142837.843289559,142298.672769835,"0.994337284918761"
"2698","sp|Q6ZS81|WDFY4_HUMAN",13196.5174967939,11714.0928075253,1844.675255649,3584.23571101325,8148.20462613243,6056.67874683004,118808.891811701,14572.4290739299,17320.7052181633,27626.2439016579,28046.352471771,14240.4555851149,16829.2909306713,"0.983974698334316"
"2699","sp|Q8IXH7|NELFD_HUMAN",4431.93314660387,4009.68867629159,3006.61254298447,5470.40845923553,26696.0165194497,21109.7539029375,780.677670970549,24954.0350919684,29640.8043313905,8741.63812508395,9740.4418640324,45738.8687470674,61321.5251745703,"0.0786531321152957"
"2701","sp|P23946|CMA1_HUMAN",137813.563572736,53515.2126719699,59522.2429594463,27600.3432725219,109724.368873535,77166.9917643894,1116792.45784243,24960.9938219049,25605.9625027789,41415.6581051984,39421.1104242612,158647.597313953,164897.020907229,"0.968403586540169"
"2702","sp|Q15120|PDK3_HUMAN",36889.7644534737,47683.7505904027,85320.3559402696,100324.73426602,67106.2863084166,56873.7481263831,51611.0152216738,73624.476422121,85256.801864208,116822.645553857,85020.2110970671,100672.181415586,80835.9312164165,"0.391576302016819"
"2703","sp|O14828|SCAM3_HUMAN",510859.515537481,275497.149274883,306621.068095085,343514.33323662,348293.977831396,461961.513423574,235439.705923852,606315.474810487,469639.533113994,565276.474448111,528586.782727085,254492.190510403,407047.585299339,"0.245509922954382"
"2704","sp|P07477|TRY1_HUMAN",27734660.387472,29961816.8466582,36497190.8064132,37949179.7091949,15531604.6218812,25434606.9005357,81785562.5559964,15205290.4399075,15542298.2219242,21966087.3551746,21747041.598886,13032227.489822,12671386.3764532,"0.163489916027853"
"2705","sp|P62851|RS25_HUMAN",550480.269010586,521522.124763854,572042.223834635,384095.916610012,673651.76040055,648030.3331698,661757.158678702,968438.291787457,1131372.95411332,2447047.1026567,2201667.08034252,485248.222692518,480930.209218208,"0.980151862629094"
"2707","sp|Q9H074|PAIP1_HUMAN",53190.1012589755,47605.9036216258,48228.7983780929,63937.5532712573,99642.8843617487,89594.6729662323,41740.7760224347,247803.072186478,276772.246497605,99003.2852959967,146299.577008658,81501.8977781017,86893.7999233914,"0.573781139871326"
"2708","sp|Q16864|VATF_HUMAN",83533.0553412372,82036.4266583118,61340.7156095853,47427.7408822503,57010.2017352945,44260.9713160321,41570.9529264304,60231.4215206412,65800.3836389262,52224.0744670235,91503.8169056852,43106.7547185686,44597.6045378266,"0.0356732820770317"
"2709","sp|Q96RM1|SPR2F_HUMAN",8231.14833103091,6601.17190073229,17754.1383626423,11669.2458545895,40687.3421684269,41845.039941384,22203.1088582734,83974.2825806589,91227.3740727242,10320.4768660248,19049.7617818195,341405.513850248,397475.154190388,"0.126981095315526"
"2710","sp|P11117|PPAL_HUMAN",23826.4317393975,42716.7489092176,26667.312020564,59830.1170471524,41243.0653922222,44623.1134718159,40295.730086412,119981.87851589,123871.532587132,88311.959906552,111727.17571116,79684.4361630693,92481.6222189016,"0.603477670184821"
"2711","sp|Q8WXF1|PSPC1_HUMAN",79927.1775455217,48347.1780863224,27416.0877813246,27463.6939914448,57018.5295093854,51822.328537533,23669.8829970717,61399.1555008005,65454.6026307358,31222.4741359764,41945.8447674153,124862.91680377,92469.294493862,"0.716496165727303"
"2712","sp|P41222|PTGDS_HUMAN",23475.7810021385,23779.5386438825,172043.716321062,165072.367887636,268180.354275782,220121.23465953,56096.580372036,153647.063130539,128389.792105954,206049.386800503,156262.116164697,44256.5331459344,47783.8215943838,"0.761537623317347"
"2713","sp|Q969Q0|RL36L_HUMAN",224947.300686477,213609.126001024,439083.54049983,308580.653404827,239565.16645859,179688.938078783,790355.843656137,181809.682775965,212510.914188168,285446.473457799,231490.803245582,89245.4999674657,80495.0014970309,"0.299830095587763"
"2714","sp|O75822|EIF3J_HUMAN",164534.56856552,194414.371116374,236141.595158394,200933.955207854,98361.7261379737,89044.8021407278,269804.430804037,238541.084387806,229696.944210031,257185.436371397,196346.441074442,191259.942841244,162541.208371345,"0.315414684829164"
"2715","sp|Q8IY17|PLPL6_HUMAN",130083.551798512,120925.229199878,50792.6517080047,45307.4855133448,104337.800529387,128806.522440089,78494.5912539712,76973.2267126755,75866.1391194723,81260.5261811374,74028.0978747283,62851.8525806865,64658.1861803009,"0.473146110075303"
"2716","sp|P42766|RL35_HUMAN",114477.62291303,118727.616877674,136442.613409042,112139.722277635,128033.090965828,93995.5720700964,30610.9529774425,88681.5595728395,96408.1014011824,131609.156692173,170447.838023553,146662.796482178,98482.9298585825,"0.714603435522787"
"2717","sp|P16298|PP2BB_HUMAN",14256.0941237,16380.0134487715,34528.9210663379,27621.6049430197,43361.3249128738,47907.2627539348,33320.1815454539,41544.8964699264,52089.3576474587,32876.1662371539,30546.3036320188,25100.3345518272,40517.6317508446,"0.297503416371817"
"2718","sp|P36222|CH3L1_HUMAN",38842.8927449222,43408.1336544204,35284.0623656846,46319.0884056995,10219.7667950801,11001.6071218161,38571.0184420105,215721.880046105,213253.273874942,64563.3042481983,80189.4200155498,74329.1392631255,37673.3407914603,"0.397311581762077"
"2719","sp|Q12959|DLG1_HUMAN;sp|Q15700|DLG2_HUMAN",49396.4297883587,113128.295102738,68377.9613506385,41052.3104867728,47505.4379664971,60768.6980721961,53813.9444554014,63748.3029869637,68068.5784355078,68038.9052664031,39342.0149081656,50928.0013608238,46465.9732488996,"0.258882737105633"
"2720","sp|Q12800|TFCP2_HUMAN",199622.681683121,263650.891140563,172131.445076665,138195.273674168,114400.64950588,126279.357575013,497441.923914561,152307.202772219,174856.296206446,115279.772743901,117174.883904843,119181.24194057,148753.414900207,"0.671614213056626"
"2721","sp|Q9GZT8|GTPC1_HUMAN",71570.8591978566,71057.3640993178,60395.2129125829,52228.1718244521,52280.3538895469,58742.6862821373,282973.470097283,19649.810101081,17095.0676963895,19669.2626528359,22113.3004593308,65205.6181276614,76719.2059269009,"0.837723217296757"
"2722","sp|P20702|ITAX_HUMAN;sp|Q9P2E3|ZNFX1_HUMAN;sp|Q9NR63|CP26B_HUMAN;sp|Q9NS23|RASF1_HUMAN",29305.4729920846,43344.8763415454,20047.0898457268,25818.1768735001,10840.2802890937,11161.7965151068,1260048.13122889,78200.6728711196,27069.1704096645,10231.7185141449,10727.6489577173,74625.7601502012,53688.6865654086,"0.381070813302672"
"2723","sp|Q7L266|ASGL1_HUMAN",124747.509303533,61727.2561906299,74662.7759821219,63064.1962016249,126346.822634939,81673.862026897,25644.0140212658,10716.7125949005,11300.6307402072,14300.5433755942,14706.3370377726,8448.43262636161,6600.46377662974,"0.479549520874833"
"2724","sp|Q92959|SO2A1_HUMAN",29830.1181024634,60796.2065877656,37173.2133625441,23484.3443981046,81412.3275507375,85915.5126313398,13553.2152363275,5650.0991152713,6419.08937210396,14206.4711936853,15985.7001581094,16462.3974169495,17603.3443755998,"0.414125161442941"
"2725","sp|O15357|SHIP2_HUMAN;sp|Q92835|SHIP1_HUMAN",126852.522694866,50510.8676123778,57296.6234296424,63229.1752861955,20376.313323118,26175.9996187592,35310.847036088,57438.7940349085,43232.4453005946,73333.7206286179,102623.879443561,16948.7356409079,17515.2683299255,"0.0313465029961918"
"2726","sp|Q16890|TPD53_HUMAN",2649.24407784053,8786.81686049401,24043.3095618366,30991.3182002142,7963.65946558619,1900.99445437066,13286.8655867007,33527.1474949274,39089.4844995326,9027.50568532304,9448.79273636713,48608.3213562958,19542.7601228874,"0.080366740520766"
"2727","sp|O75636|FCN3_HUMAN",207718.080404611,315509.813085938,237964.537487983,270898.108109684,175628.483074678,195643.151734453,287012.790459628,24538.254964509,34374.0744082485,56854.5458055436,51805.4987398014,11943.7049384322,31173.9471830909,"0.444212344997539"
"2728","sp|O75563|SKAP2_HUMAN",148163.457498627,214199.574442175,33904.11860868,65104.5945522581,29602.587352679,33867.5573000464,137574.426434746,79725.6371503883,75416.4617745788,77812.9221692921,91524.6708278539,25229.8675439745,23027.8092520582,"0.228666627169564"
"2729","sp|Q9Y6K5|OAS3_HUMAN",201730.534318734,182376.168635462,217357.346591769,280325.610400148,228424.377123106,217366.391861682,40995.5899674889,178318.316641785,126558.113990032,228015.76464421,248732.182627767,91800.4696447268,126330.767539393,"0.18814569763845"
"2730","sp|Q8N2K0|ABD12_HUMAN",81860.9009809352,73848.6663109761,42904.7541346501,32205.9328904016,54067.9905591957,63064.6453124859,25823.5609194651,128749.857934875,117196.568128916,49135.0955947185,44218.2980560207,55764.0014595934,45471.4633372437,"0.979123977449789"
"2731","sp|P58340|MLF1_HUMAN",8975.83921780599,7312.4820879172,10541.7156171522,4711.31301627009,559.799526004302,978.902665110436,15194.9961129856,2052.12477671457,3079.42905359,48.0522191775982,343.186582980778,57764.5936550294,62168.1533580698,"0.245903159612187"
"2732","sp|P61353|RL27_HUMAN",548150.063154634,794535.188068265,262672.625442063,269498.830685059,167687.617996769,142927.326255924,319219.061983482,23868.9812758189,43295.2550015127,106293.408095967,165433.578358808,109737.599446327,136455.495762385,"0.420916772959676"
"2733","sp|Q01415|GALK2_HUMAN",31686.9043340529,34002.3708160138,49269.4734992565,46315.1550563782,36265.7967450219,42080.1365892308,71764.1317181296,39616.5067726346,32430.4676876358,24044.0585760408,36009.7354716851,58245.9381040723,54591.1071765737,"0.348628309172049"
"2734","sp|Q6PCE3|PGM2L_HUMAN",16347.4145861401,20650.5003116274,13568.6960070362,15833.4728099247,11558.0243107721,8606.92407604699,37659.3207178656,12917.7548810167,15480.5436446431,24640.6260037033,21992.1603880497,12914.0886010396,14845.6034268211,"0.767256119821906"
"2735","sp|Q76M96|CCD80_HUMAN",14124.3050746839,18645.0820087848,10545.1704397564,24651.7782490063,10328.3727607389,9705.56817761287,43426.8177670292,38373.3227769458,44859.7827619495,73059.6359543742,66824.9942113363,20543.8835117449,19532.4021581909,"0.895167938097475"
"2736","sp|Q86V21|AACS_HUMAN",3791.24367133137,7030.63749832383,3794.34906084135,3617.46332786708,518.946957758558,300.311762324026,314708.690953055,34273.2133495863,23332.2545388652,3340.09515441069,3404.91885835357,15824.1308754669,12527.1973437146,"0.101561039496487"
"2737","sp|Q9UHN6|TMEM2_HUMAN",24840.7136365157,16457.4922261359,73861.6645204974,74035.414546631,88238.3396261452,75348.1948132806,44859.1538393454,36831.0289048766,35470.4579362738,51018.0192974852,44100.0320053592,21941.2132719362,13187.7582494238,"0.920563853614881"
"2738","sp|Q9NR50|EI2BG_HUMAN",45298.398193897,34001.109898033,16829.4743203904,22568.3338112067,28166.7910069706,18734.7751718521,55427.7257850094,98356.4710331083,84809.1038144587,53630.5984455571,52957.9401098548,71696.4017164354,70120.8014866453,"0.0599563815538009"
"2739","sp|P22681|CBL_HUMAN;sp|Q13191|CBLB_HUMAN",44747.5150220359,55179.1238951965,54192.1750541394,48448.5211109135,61994.6179966854,66127.3130918319,22177.6419959497,81348.9370017992,72329.0049007433,79024.4566841924,91523.4579918363,57258.4134683768,47265.9194981179,"0.963990661203127"
"2741","sp|Q14978|NOLC1_HUMAN",7396.85765417227,11671.1601066655,15989.0941126629,10823.5938330706,11817.964664694,17833.309185522,17143.9634760344,37305.3108037491,35732.3247288137,29820.0874527,32732.7685043144,50565.3053673758,48483.2239740389,"0.349746690948187"
"2742","sp|O00462|MANBA_HUMAN",170343.399302701,144907.848889216,58865.5212260281,61569.0416561463,55615.8809058846,32854.1690266363,77878.2004194938,92434.9133544442,97291.2789394682,31751.8696749659,30400.4448472871,50220.1260043321,48105.4464833016,"0.611183292400182"
"2743","sp|P82909|RT36_HUMAN",290238.780400283,426574.971523204,272366.441562819,260188.898733133,250479.778919715,255422.869308723,131160.841712148,139654.432821917,137570.023913496,241454.462260688,233571.29483678,227380.254594156,221577.163553264,"0.283205332395701"
"2744","sp|Q8N1B4|VPS52_HUMAN",66798.0199117774,60716.1865873816,55863.6333995435,39081.6079667205,54436.2047646595,50206.6275903061,21051.8805013802,62774.7880884189,32186.4769851363,67585.7973866739,84633.5023008272,27812.5825514204,29149.236952844,"0.131273581696182"
"2745","sp|P50336|PPOX_HUMAN",16331.6783192255,18180.5613213812,11389.0657909309,11099.9114036625,3943.62843053491,14600.3162140121,5259.11713117504,14036.0522620081,20633.1893140176,7145.27712101089,4104.12722139323,36329.4093757539,59143.0970957211,"0.256303350342887"
"2746","sp|Q9Y5Q8|TF3C5_HUMAN",20865.6607575617,19603.9765922421,17101.9264703602,10018.3278880084,52378.7545824235,37392.2596504345,10835.1220610451,63384.1739900482,58852.0857931067,86194.738297109,79841.7957829096,74645.0287687799,58819.9376352217,"0.600199893111635"
"2747","sp|Q9HCN8|SDF2L_HUMAN",5845.10117756271,7651.04667715315,9743.02657012674,9910.56538342936,2382.73312637343,4614.25368702843,18924.5926772918,40562.9698814242,35560.3404027087,145116.543820462,152832.1950369,31325.1054953841,45636.8595823635,"0.976609640875537"
"2748","sp|Q96FV9|THOC1_HUMAN",8772.78590659473,8222.24380635455,3258.06807186056,1282.79383251258,9576.0862869971,9161.28801520739,11811.3273320786,45167.8714530506,44293.5577901423,35058.3162107769,37313.6765810678,20806.2535620492,19154.884550919,"0.665127078562516"
"2749","sp|P07332|FES_HUMAN;sp|P16591|FER_HUMAN",30267.5102721581,19363.3123114067,36233.3303759068,27110.799141538,52121.2277894325,46072.2885581108,11369.2970019404,65276.9937212799,60783.9605835174,50612.8750526932,51637.3765966122,39911.8174716906,36554.0436069703,"0.632354805106517"
"2750","sp|Q8WU90|ZC3HF_HUMAN",59527.9340777759,62570.6136292917,93055.5619304855,81525.523899589,80307.1249695723,116220.832671001,34336.7921261966,15307.2666106302,18920.15290168,101856.267617172,107035.085752698,107788.204934302,75224.7903020897,"0.972732542772151"
"2751","sp|P0CW19|LIMS3_HUMAN",23846.8572440172,23688.4703523315,55677.8316240101,72371.8814411588,43243.5531220292,43177.9313143747,75447.7383743028,1514.43491810107,3048.65728971392,26210.0417688125,42062.5381211345,11716.6269931581,39795.2847116616,"0.538774834007752"
"2752","sp|Q8TC71|MIEAP_HUMAN",43780.3154582267,33675.8987658949,36971.2652150217,36214.107062895,13874.1019220666,12880.6263085661,7809.24647650238,4807.85629478792,733.981281718787,222.076804675516,138.78380846412,110593.233432287,126540.913078944,"0.516082337486516"
"2753","sp|Q6PCB7|S27A1_HUMAN",68262.9517480454,71995.4173378782,58675.1622516677,48807.1355523279,43690.2035445067,44025.3607025399,42486.8790097224,45251.8730143332,32945.4256943149,29793.7305087958,34417.9985210325,27415.201439014,27581.0121896851,"0.432089492403196"
"2754","sp|Q9UN37|VPS4A_HUMAN",17680.8010720965,7895.9459943686,15842.1092864282,9032.27929895373,2043.87740442668,6512.91678961809,18951.0129565196,9818.58226338365,11352.4709929258,1255.06761077336,4135.36270594316,14123.3658712572,14337.5977566758,"0.831638124116784"
"2755","sp|Q9UJW0|DCTN4_HUMAN",9230.15699923908,18178.0391871571,5541.73695400296,2299.34396453957,20055.4169378005,27216.9736186732,2191.95677421521,22734.9222058246,24773.6078001824,14812.4161688894,25380.2457848739,8837.27906733782,5286.56198044961,"0.88826693320588"
"2756","sp|Q9UBU9|NXF1_HUMAN",17989.9778430132,15649.6447600299,18452.6857585151,26071.7666879238,15983.2545065191,11757.0482179776,9846.50719550534,37447.7687589268,29394.8295305153,21962.8838348316,29243.7419690531,44862.5793321473,38397.1472942496,"0.309082999285618"
"2757","sp|O75487|GPC4_HUMAN",58217.0628900169,63621.2552546893,170866.277936504,221920.809388049,100911.316049209,67645.4413188716,95095.9027884522,58069.7483451401,43255.7083346644,97432.2973643976,137229.411306659,17900.7527166082,25117.1306213417,"0.549071922524302"
"2758","sp|Q69YQ0|CYTSA_HUMAN",266537.796951665,237769.1941168,97176.5852238483,106488.676921936,227803.732084469,154997.710496394,191014.765806206,65318.9740487508,79700.4225944615,48295.7830804143,46127.2413453152,168693.518491642,205581.137848793,"0.746076207203988"
"2759","sp|O95396|MOCS3_HUMAN",37313.9342154054,32208.400199399,10979.2606967397,10935.2323988287,24616.5145952279,32754.0660737187,4741.14604940436,38707.5925943464,37288.1465618405,30776.7607417442,32379.1530757103,51007.3754791615,33070.0657768262,"0.663613281775024"
"2762","sp|Q9Y6F6|MRVI1_HUMAN",8697.07089206793,11604.7473372566,5319.34538232126,13577.7146681618,12583.2262389199,10700.1086305231,10557.1574741424,254.218026005863,1733.23275999644,16056.851186748,15614.8643609221,1877.93673429005,2574.68288516338,"0.410703673448587"
"2763","sp|O14791|APOL1_HUMAN",532028.403117869,489584.158255755,537164.35427954,512230.73693645,434842.792673606,399974.89795674,238625.272721863,529575.518713167,544335.689400555,393521.101199718,420422.031991287,365312.002384181,381584.937296512,"0.493776209430317"
"2764","sp|P36507|MP2K2_HUMAN",85699.9061799355,174476.475864378,133024.636669502,133532.93187447,195523.388644513,174445.136239719,183445.084724733,93584.8783746619,217600.736515777,137897.992759702,192876.315454248,161015.381413075,177097.446198196,"0.605383107550282"
"2765","sp|Q8ND56|LS14A_HUMAN",53836.1282617901,68378.2060397218,29311.9374607637,35304.7522631847,28474.3036774745,38871.8599670351,9511.46144139052,89328.4993117586,82827.5630561788,207389.716977967,166199.478647911,80210.4018170381,104669.647958075,"0.804313311558163"
"2766","sp|P62760|VISL1_HUMAN",9891.03029642248,15392.5032423887,47195.1002047306,42039.6751019745,23735.3284422199,35141.9646816409,50670.997845432,270042.777923524,189286.288278778,108659.635152892,95866.4902193202,84735.764955396,83544.7176244365,"0.373632032584144"
"2767","sp|Q96DB5|RMD1_HUMAN",95679.8790518,88927.942361637,119045.414927549,96835.8740103835,91012.7809607392,77171.3154806173,80292.9761076939,83925.1161507353,89199.1867438903,80360.8714325299,88056.939574478,82860.8835475728,86925.1524679366,"0.31188270530526"
"2768","sp|P33240|CSTF2_HUMAN",11603.8096690369,5818.57212428577,21707.2113805284,14093.2594755144,10864.1488153165,8648.95100669893,6284.02930190841,85907.9610642623,67680.0567107113,29228.7198908542,30865.1724092255,56090.4597860128,54483.067261626,"0.142605583460296"
"2769","sp|P42574|CASP3_HUMAN",40522.1637275029,45818.6204283016,43939.2493505101,79265.7375310197,64991.7280094882,46407.4032917427,51764.3217347106,127987.234291521,125502.438436151,172009.890237986,114839.184028376,129420.193717605,145118.564227806,"0.34088435221404"
"2770","sp|Q9Y3L3|3BP1_HUMAN",119757.578781722,115599.026142425,36833.3564126739,41142.5205704416,97316.989253429,113683.596683623,45176.551510652,102251.862528539,115999.444764414,153954.38693076,92612.2252955885,127994.278995743,134415.555679477,"0.371350706502975"
"2771","sp|Q15126|PMVK_HUMAN",45525.9134232405,44684.0115432899,55988.6586492081,71592.5207703441,107653.276798858,90637.2988309309,45804.0886921386,85231.8158253739,123930.583813119,40195.8915396197,43325.2987080937,37076.163400328,60204.6644709293,"0.367188837093829"
"2772","sp|O75439|MPPB_HUMAN",67683.5401681318,68794.8905986927,18768.0739721116,23937.5357398327,41827.8717473811,39210.499259582,71376.5903287652,46500.3750398056,63622.8670413798,59557.9965209315,61147.5046891048,42678.7131279113,44058.0626080411,"0.133037234701613"
"2773","sp|O75153|CLU_HUMAN",179043.489498482,108992.48576605,99649.6567564292,125099.215260891,58653.1602976356,69943.4470241252,190429.043213578,161098.043715239,120472.954451767,68432.4999154251,68772.3315605839,41195.0614800488,57933.9926207202,"0.510723723119183"
"2774","sp|Q9NRN5|OLFL3_HUMAN",44008.268411156,29216.6750163906,388511.26598159,448437.500751901,283445.17666011,415884.146468113,699421.308389797,25888.3969840611,46327.6318305651,126905.919723002,148827.483289364,38918.5612354745,42367.3204241662,"0.818374289938361"
"2775","sp|P35658|NU214_HUMAN",44406.5935120642,42421.832414126,59379.3544035487,43977.4000116475,84074.0736196285,66929.5974865142,102169.798787325,103170.246701438,100177.373021741,87365.3947623038,86123.0105303386,39969.3852944634,51491.814109918,"0.781012528979971"
"2776","sp|Q9H553|ALG2_HUMAN",232115.232871854,217547.30476702,65656.7186728599,112302.246292185,250033.552389018,255904.947911433,17492.1961747853,97099.0696223709,117203.870115567,152130.507327071,178488.196597611,81154.8367965259,102335.034784983,"0.136016832730681"
"2777","sp|Q8ND71|GIMA8_HUMAN;sp|Q96E52|OMA1_HUMAN",97360.0898861434,104900.939007832,93584.93720768,88959.9328072973,383529.24092071,358192.068235585,6009.00842116402,34788.2583636633,31265.1306130069,159568.624910983,70729.4797281212,17119.059249828,11604.2285389663,"0.432620945447647"
"2778","sp|P15289|ARSA_HUMAN",84771.0268376052,79978.3245677593,99173.9620498632,273300.447820137,86925.5806684956,59862.3703049484,158836.860590948,100211.668026537,90678.6099139765,97197.3080535016,84226.1484767835,141459.51211885,149692.697754781,"0.108322581289328"
"2780","sp|Q92506|DHB8_HUMAN",247100.509679358,202144.188384793,165773.016793421,134752.074264657,109423.09144639,126895.968553696,130696.513042737,94815.5155975485,102243.974132692,143465.324841279,155316.456145083,126336.61593431,102800.935385591,"0.338133256719501"
"2781","sp|Q8WXA9|SREK1_HUMAN",9746.3706171797,23229.2664638929,28458.2066988488,34464.347796783,30753.8211219149,30598.4819702813,265955.885176304,44790.9247414954,59587.2676993407,21269.5977095449,23880.659581682,64126.9318380635,65184.8788307835,"0.0630302666324114"
"2782","sp|Q9Y2H1|ST38L_HUMAN",2578.63479973992,6599.59765806859,3676.13572666034,8953.03724335884,20452.8848096296,19577.4779556881,3911.33003483173,16013.8557423131,12827.816252516,30875.5028100481,34232.4604349581,10786.9611347905,12444.0614514319,"0.927763686653464"
"2783","sp|Q8NFU3|TSTD1_HUMAN",56467.0243834746,67885.8672153438,51278.9219262806,46582.1531475489,52798.3888678906,59286.7668751895,71571.9217494118,64207.1913539007,82879.9386170635,44688.1058769237,40023.7960794875,64658.9249778581,70290.2646732451,"0.361397919251464"
"2784","sp|P41743|KPCI_HUMAN",32424.0508555165,45995.9496039971,42590.8960399199,69490.9498237008,59911.0436756463,36900.6733559784,23099.3703320566,148889.433202635,133776.928016559,51550.7190203046,31876.2883758236,53760.734721912,76536.7797119636,"0.100530958009747"
"2785","sp|Q08AM6|VAC14_HUMAN",4848.15870230625,1578.82875767476,3360.56780207845,5729.10276792857,4863.32101577222,5508.68730799812,975.69683092216,38577.6391166062,9799.91657261146,11274.0988060934,9950.60097724953,22637.6077935738,25586.1307564333,"0.113168031456869"
"2786","sp|Q9UKU7|ACAD8_HUMAN",40489.5422984494,69458.7994630599,81103.7389831038,57364.4665689982,42859.0793234469,66664.3695204659,11540.1663426014,28482.7790437088,33799.9827021963,88844.8107456748,81706.5370614196,85031.0348572807,15972.0114732264,"0.999239970926653"
"2787","sp|Q8IY67|RAVR1_HUMAN",78982.2740845162,61242.0185744349,22856.1003769091,53148.9919936235,49249.4809317115,41330.1560969444,10999.3580686085,50563.2635271071,38364.7838727917,87284.70043783,41726.3623905508,58897.0495448511,57118.4750449851,"0.87958639458475"
"2788","sp|Q5VTR2|BRE1A_HUMAN;sp|O75150|BRE1B_HUMAN",63852.5284907269,64387.960306279,90707.4643003069,79470.3140294728,113298.777263823,97785.4310812506,66485.3265740173,116697.893721626,126084.580341705,89817.9107504868,80531.8760374472,91891.7135763211,118254.118764312,"0.0853554050369396"
"2789","sp|P16333|NCK1_HUMAN;sp|O43639|NCK2_HUMAN",35876.1181248795,26201.9032580933,35438.8328258564,52799.2676238106,49487.6655921685,105188.582435627,84682.278967483,33001.9953763517,42988.4672882163,54182.2961703344,71501.6611328207,30577.0312322712,27977.8314195634,"0.727698465137085"
"2790","sp|A3KMH1|VWA8_HUMAN",65800.2467311128,96935.9731579115,36217.4809905729,28852.4731156846,48613.5660968456,44393.1439497046,49309.1062068912,51580.6046342868,54705.9699055056,30975.2531563538,24239.3646598413,21728.6090125593,14746.3852310315,"0.584087811338801"
"2791","sp|Q13094|LCP2_HUMAN",50355.2517447734,50712.742104959,49719.4483842659,63506.6722825186,70468.0835917518,76528.7295520311,46592.0734736924,112755.492070838,176966.712544177,121603.579081942,162817.600768732,58303.1171969956,70458.8298586998,"0.875116256124508"
"2792","sp|O75175|CNOT3_HUMAN",18625.3954486273,16700.7961430354,37119.003434887,19914.9678516938,23017.5997302661,36408.5208419992,4997.23582322862,77960.898402365,79434.9685733545,53711.4888389806,57274.8628830399,40991.6814044186,57431.0296955122,"0.483526063715807"
"2793","sp|Q9NQL2|RRAGD_HUMAN",10572.5413272482,891.853346637525,38712.8261972077,18893.407064345,29256.3931300952,33428.2863388288,2062.03699747758,24689.0320710684,26563.8608715764,15072.949479552,22707.317129948,25912.6108140342,19603.6691029814,"0.534982888928003"
"2794","sp|Q4VC31|CCD58_HUMAN",9371.83029921157,6653.21078270424,11440.7595032534,9998.96422532276,6323.14012359717,5320.58949473046,7775.02700073096,12889.5940666913,12845.2541985558,3543.14967197557,4003.00397340513,15289.6329482665,14527.8593700632,"0.433551685316895"
"2795","sp|Q15645|PCH2_HUMAN",1264.16362388893,238.337695866045,589.414602364581,547.519287712069,111.888029210904,697.389291667956,320.271837638794,53932.2577961521,44498.4919620885,10411.6734881934,15182.6346133625,9056.87106602429,6355.68036017953,"0.430484399007125"
"2797","sp|O15042|SR140_HUMAN",19369.2564267116,13395.9231535566,10916.4271049726,7048.05615292748,19269.4692127116,11935.7964681189,41349.6144258988,50170.8398024624,46063.1139518419,4978.42142314221,3374.21467945991,42248.2596078278,38758.6086677247,"0.275068867427709"
"2798","sp|Q9UKX5|ITA11_HUMAN",5.61953113563263,1405.29201453757,2914.79067323843,1692.78203507437,60.5653513493546,5.4705394161188,1583.42793415228,6794.42023578353,2617.29909700683,19257.7215028912,27523.2532107217,1422.90133699906,1071.60704334883,"0.849197503354771"
"2799","sp|Q3SY69|AL1L2_HUMAN",49815.9092005825,52685.7041544647,18375.7901966098,26992.3034175446,17678.3288033833,25907.3934164381,15579.3962738065,35368.0247375932,30653.3132683585,170083.743622985,159967.070110732,43176.272314703,42841.4766797574,"0.832255079156748"
"2800","sp|Q13619|CUL4A_HUMAN;sp|Q13620|CUL4B_HUMAN",10623.7001820518,6508.34556907368,20982.3360489746,14382.1224628291,9749.0897174995,9975.15269802869,20550.7448705887,24739.3206514265,23586.331060307,12088.7148310881,22137.0656176211,3630.48740914467,12231.9525405843,"0.83305308194433"
"2801","sp|Q16718|NDUA5_HUMAN",320750.909121149,271372.848109357,130537.848014998,134939.847546699,550890.416054955,498937.650541343,43694.2328182708,306117.449244141,350116.209280683,434396.494305947,623994.014625126,166754.070323426,176780.301271262,"0.567121974617331"
"2802","sp|P01911|2B1F_HUMAN;sp|Q30154|DRB5_HUMAN;sp|P01912|2B13_HUMAN",6612317.94487806,4357277.05435487,1828446.37341169,958709.304206793,2131277.07082645,1301408.0581278,956112.825072031,620768.511779501,596318.845780217,82350.4505816988,157226.262572705,2898969.01241144,4111633.62369005,"0.673460989345945"
"2803","sp|Q9NQX3|GEPH_HUMAN",68808.2463596736,93394.2195295485,69583.581211004,43422.4518150432,78670.386895566,62235.1106236812,106215.679718676,119137.117537394,111335.872445695,75182.2917749234,50376.9657950357,88066.1475331278,71655.4956473314,"0.230093548344268"
"2804","sp|Q9H6Z4|RANB3_HUMAN",46791.7540930989,39077.3551155898,28994.162833279,38588.2909464329,35470.172376408,23485.4185631436,74094.7963772365,15107.7655645371,13591.6992610897,26058.8408874035,25235.159818095,56852.5025010902,39486.242829535,"0.799654466940968"
"2805","sp|Q9UM07|PADI4_HUMAN",40409.0244714751,73037.273616281,220969.20301383,196680.748579531,68545.0937784156,45222.8484709771,333310.342390087,495222.117420646,411899.380504925,48924.8613378343,40334.4942476343,45652.950018743,28883.116004139,"0.371025745653021"
"2806","sp|P29536|LMOD1_HUMAN",65674.6978106129,70696.19108637,29960.4592063077,45929.4054093139,53399.0591434975,42078.5541638692,45887.368561214,13322.5528600602,14467.1132395357,25667.3791454637,26370.9159195541,6261.059059413,9575.98746692045,"0.365453765931866"
"2807","sp|Q9UMX0|UBQL1_HUMAN",119046.20341135,81107.6125594762,82540.9780693507,102959.392837213,107245.381461531,105030.2781297,25920.2967917304,222871.177230251,273802.761702315,129239.309122464,140152.963005897,94145.5425347425,89484.029906047,"0.674192202130752"
"2808","sp|P67812|SC11A_HUMAN",37261.5196843187,34541.3002113588,26665.6519746537,23842.5131105281,34379.7785045241,31714.586381511,43487.5686068702,20760.5219078732,24757.1804838172,22705.4375763743,19923.411375032,106066.496401576,92711.4866364741,"0.29092842619556"
"2809","sp|Q99816|TS101_HUMAN",98055.7547880683,77645.592382646,57043.9720400184,62133.9326890264,52500.6373469605,54015.2048223268,50111.6278368242,68506.9229518751,75749.8294302635,20396.2353989182,26877.615368237,108228.183078,120230.270754743,"0.868759488247971"
"2810","sp|P12829|MYL4_HUMAN",29262.8168881728,34672.699535157,39871.2167569887,38880.0428490712,33632.6913181302,31015.9368049729,141566.5996073,938.898613232416,1288.53646788064,3334.49404428097,192.903498642419,597.974643267826,1228.39792723083,"0.525743086977293"
"2811","sp|P30453|1A34_HUMAN;sp|P30457|1A66_HUMAN;sp|P30459|1A74_HUMAN;sp|P30512|1A29_HUMAN;sp|P10314|1A32_HUMAN;sp|P16189|1A31_HUMAN;sp|P30450|1A26_HUMAN;sp|P18462|1A25_HUMAN",49713070.505846,58567895.3744631,52898762.3833844,58964860.9027331,70194784.5248655,72964914.7764404,28249052.2477536,49889790.7947236,49437735.8335675,44883461.9580142,49544671.3845589,42186798.2660219,41948958.0567847,"0.0732998039680571"
"2812","sp|Q5QNW6|H2B2F_HUMAN;sp|Q8N257|H2B3B_HUMAN;sp|Q99880|H2B1L_HUMAN;sp|O60814|H2B1K_HUMAN;sp|Q96A08|H2B1A_HUMAN",107013925.457321,130150878.609918,83633238.8519429,90563978.6685567,137162222.634795,151232797.786969,97504793.2422464,22191504.9663515,24388180.7205726,33035611.6916405,31217527.4564655,122932867.558631,119377797.967638,"0.953786170154832"
"2813","sp|Q99879|H2B1M_HUMAN;sp|P57053|H2BFS_HUMAN;sp|P33778|H2B1B_HUMAN;sp|P58876|H2B1D_HUMAN;sp|P62807|H2B1C_HUMAN;sp|Q99877|H2B1N_HUMAN;sp|Q16778|H2B2E_HUMAN;sp|P23527|H2B1O_HUMAN;sp|Q93079|H2B1H_HUMAN",96155544.2678863,116729069.25327,63833143.4346985,61232740.1682228,132119493.861457,144358579.705743,63104737.6824819,12739567.6658685,13640846.8437101,19112225.6121795,22185490.0182184,91359945.2894742,84698214.2005033,"0.789919277627218"
"2814","sp|P0C0S8|H2A1_HUMAN;sp|Q6FI13|H2A2A_HUMAN;sp|P20671|H2A1D_HUMAN;sp|Q16777|H2A2C_HUMAN",298278423.035076,275214878.727223,348718098.39326,430897060.44305,347948285.360325,395758555.247718,446517277.464493,133149029.798109,152942828.247659,614877484.627131,514738444.296214,440677383.160993,449500758.827868,"0.851279201367185"
"2815","sp|P01766|HV305_HUMAN;sp|P01777|HV316_HUMAN;sp|P01768|HV307_HUMAN",17399574.6770461,15862138.3305838,38565857.491797,38553947.5133255,15229040.8954809,9570612.73770717,46018617.3713406,7541357.51632234,6455045.93505995,12280253.5607669,12539624.7929061,8262700.93426862,10937407.1880965,"0.252118261482094"
