"0","1","1","1","1","1","1","2","2","2","2","2","2","2","2","2","2","2","2","2","2","2","2","2","2","2","2","2","2","2","2","2","2","LogFC","Zstatistic"
"sp|Q14194|DPYL1_HUMAN","13586199.2385302","37649608.8793969","143453164.034861","151861296.962176","46523274.8699258","46400639.4831157","132133908.16667","136240399.024193","156036883.062355","154917823.547929","113772009.899483","116074428.321619","39474873.5661271","38007004.1717343","8826849.28449664","13002709.5455811","11150861.4331792","10687395.482023","157617494.336776","161203682.098366","124605409.77078","120992244.442686","121870509.721695","122341435.462716","45938219.8085701","44203331.1297892","158656141.509413","155867815.593921","180762347.88703","177874811.528958","44428711.7395103","45301628.1688945",0.992072994247545,0.00977172477881333
"sp|P21281|VATB2_HUMAN;sp|P15313|VATB1_HUMAN","37944890.5142317","39070348.83711","160736677.774001","151861296.962176","67235691.7640708","70074435.1377666","128911129.918702","133732907.017613","175923936.785988","171147309.824379","82576458.7980117","78127019.0626285","62791076.3593066","60150215.2978752","30540129.2257523","39008128.6367432","38112645.7940006","39660256.6715696","143108771.008705","145216540.072081","176535068.651467","171203387.067792","151119432.054902","154536550.058167","69077471.2677017","74225388.7913183","140779393.170324","145903662.998876","109117297.355535","109192783.517122","84001826.5675988","84740692.6924026",-0.0645058611502961,-0.000654675550825158
"sp|K2C1_HUMAN|;sp|P04259|K2C6B_HUMAN","199605934.475906","155334235.376631","81232514.5739573","88855014.1799965","143075002.853402","137939316.014432","122465573.422767","128717923.004452","136914716.020399","131458838.839243","67437441.3517095","70314317.1563657","99880105.9186898","97496228.0927098","61080258.4515046","59490272.8766851","97361999.0807438","98524427.0998992","87711827.3924319","86597019.3090393","40719037.732747","43311901.6537176","66980032.1430437","71013224.1933959","80987380.1069606","77393545.6299722","61227863.0613792","67115684.9794828","91913058.2476426","96853300.5183852","50619597.8015733","42237106.2633516",-0.812939025208398,-0.00786192101477492
"sp|O75746|CMC1_HUMAN","5767486.99766553","12705963.4249422","58763946.7130755","56544099.932725","18282514.5071634","17977963.6445814","82180845.3231728","82412903.9496039","72970189.4321012","75098259.2246627","33259962.5714214","32311102.8837585","23966887.5222915","22033045.8966576","12193677.9692564","11195997.7219694","10734784.5140307","11104871.8680395","31391601.3825546","31174926.9512542","36337875.4450464","37434770.455868","24959080.3910032","25020203.3427509","22798968.3494385","23685743.9842215","78210773.9835136","77578045.2042802","87906591.6060787","89170226.1984172","34231958.2255244","37573703.3636125",-0.346558058011763,-0.00345521993157946
"sp|P78371|TCPB_HUMAN","64427262.018956","40727878.7877753","59916180.9623515","55467069.457816","80300447.0357623","72915290.6163247","49066798.8253061","48561761.8607707","62108798.5522706","58721232.1638816","54592214.4275744","51563832.5813348","59212310.3491907","48472700.9726467","46761076.98302","47753313.817842","54755722.5599397","58530189.3195164","51637865.2994543","52890794.8702902","52316232.0237193","51488779.8420301","52648060.1997723","53627862.3118521","97661252.4819231","96251622.0505307","59142242.4218188","55229874.3839647","61039697.6567678","62628696.7294366","78903449.8106058","76879527.8042709",0.196199061519151,0.00205685186489298
"sp|P20020|AT2B1_HUMAN","7046883.36327943","3641500.57228247","14633374.9658051","14486059.8875267","5509940.21899941","5445107.12998287","17644710.9076224","17134528.7116316","14460715.638154","12939336.1369953","11423076.8003916","11551637.8185458","6477140.14533741","6934914.64053758","3332408.16139385","2998080.46343494","3269839.47463122","2955059.04869254","19125135.2960942","20383606.0835123","16493787.4360494","16098228.9332402","14331971.9432714","11958185.4211677","7254696.7466851","7599962.30768258","11396427.0661691","13451606.003311","24981497.8826926","23282043.3938426","6902490.81072677","6257845.23907503",3.69928359255254,0.0372086694689153
"sp|P20700|LMNB1_HUMAN","54545780.1142081","46884418.604532","6279676.65855415","5546706.9457816","28071260.8663107","27995405.4896918","7741527.38355098","6738033.5050739","6360786.23425647","7815962.70291863","14083873.8061053","16462479.0167681","19195199.5088036","20821228.3723414","73273936.420761","82964190.9943713","82383229.9913986","87670041.0634696","10156106.32965","9925350.67465143","9395314.26359398","11109457.1012033","10822101.2632865","11682227.2960638","35389443.4080836","36509235.9502013","8044536.75258997","7900149.5575001","9014785.50018987","8803646.59094193","27798292.3178903","31577899.6353765",-4.77375974224179,-0.0486176450533911
"sp|P35749|MYH11_HUMAN","2661609.83305708","3200252.26851188","570212.112961649","334360.26281333","2008878.88369862","1589671.95219988","4574797.46470953","4361956.85602419","1464471.11686196","1432927.78295138","1222618.74452415","853710.707261983","2170686.18776676","1607161.15326876","706725.827492564","438370.615598669","1063567.46507065","1410619.15159792","672428.696087596","668278.078199121","328464.876328879","248303.546619677","558258.321710734","396490.26650749","1293110.62116043","1200376.35618911","2657186.63017597","2499879.59829167","1127564.03859094","897366.285138986","430995.581089876","375154.028196368",-3.91074567619806,-0.0408746580965615
"sp|P35555|FBN1_HUMAN","81423410.8951222","67011568.0054675","1445808.21530882","1398871.19051373","4057877.2855537","3792778.24628655","6109633.74709151","5585508.36941541","1564682.37693963","1431664.80300148","2126227.30921687","1719848.8339042","5765047.00262097","5803412.61628554","15773473.3363776","15073937.6147887","10651569.130201","11104871.8680395","1433617.75115331","1661993.37977108","1740834.81181761","1668942.35888885","1387006.26174165","1500085.4856169","1824120.55231777","1600374.30472412","1138916.20077846","1300137.29285204","1298970.10991142","1671515.00022337","1744348.14768725","1594274.41286227",-0.684499389329984,-0.00690419171838489
"sp|Q13576|IQGA2_HUMAN","18365549.0596206","18258956.2163358","1962261.96378769","1778996.92780406","3890236.22823375","3246390.45160378","2082294.58160857","2110742.751525","2263768.26372656","2196834.62892225","2632933.90834846","2738643.10044445","1943927.44306012","1599463.18820416","32218158.3040903","30378011.6817115","24714968.9974196","26384507.5962442","1683472.06076844","2181706.87529397","1676371.98130916","1820594.63728517","1372424.40748021","1343264.85039418","4525905.07405898","4610909.40564111","1943246.26130215","1997344.58261779","2715414.9500308","2585181.53472786","1749692.66800457","1730473.5167875",-0.55990679070008,-0.00547948874617731
"sp|Q8TDJ6|DMXL2_HUMAN","1020959.30884497","1103165.44998578","18090077.713633","16909378.4560721","3155077.37327893","4242956.39513859","15630474.5026427","15295701.2401395","21416827.0869899","20803250.5907219","7431881.29182105","7756896.89264669","3750203.16500974","3760003.63308011","890199.970825747","858739.706717465","865315.530740009","1006970.49274983","16091493.1456792","16386820.5769413","15205210.2926081","15587174.0464706","13844489.9043846","12418115.6296741","6126094.70540296","6348715.68221377","19962368.9786492","18362509.7822975","21252001.9094474","20506903.2479876","4839255.4012304","4809579.14098423",-2.16498183695786,-0.0226836753065835
"sp|P27708|PYR1_HUMAN","4583611.46898764","6023177.78419872","805311.427882409","842632.634670456","2105023.71816412","1825368.28067662","981740.933095481","929370.429005162","1049721.13287824","1041769.63803759","2457167.46373482","2046771.72408781","5219500.76768932","4181787.378701","21143166.3870593","21402690.0484786","21968861.3310396","23712658.7257384","1713452.21067895","1488810.53947986","1630139.96986339","1532714.9754479","1778026.16009384","2296164.90769111","8128113.65112352","7426689.18269422","1163137.03690543","1162184.39232377","1801869.68960794","2270161.67367436","7956561.21256775","8212123.27022226",1.07020335093131,0.0101137347495148
"sp|P24043|LAMA2_HUMAN","3243132.95815881","3231284.84260363","1607958.02139587","1155946.68740859","2648807.51034705","3707426.91826596","2667841.73674771","2775543.59916645","2477737.46365892","2223627.37289871","1386057.76707371","1594361.28675817","3280295.03354864","2968481.18723222","24387355.9385128","23819122.7958875","20221338.270616","20456342.9148096","1384682.45476562","1265542.43857886","1917354.63660147","2010842.01070502","1583464.11974236","1604340.08652211","1034653.89956449","1220219.81221116","2184297.73997604","2313677.31937385","3006897.51423104","2658083.85683802","1257522.75902325","1489722.09636005",1.97563916164018,0.0199147152671547
"sp|P63261|ACTG_HUMAN","14822222857.1218","17782928470.7089","9160262281.74412","8508540751.78148","13638329893.3755","13604541236.206","9265487462.90673","8859805089.91685","10540138473.5257","9663921373.70414","7523632912.70773","7645286865.41436","11820772578.8677","10377564617.3257","6633808289.69637","6512861595.39725","8205036845.60798","9017489937.95687","8507387769.6419","8792928114.4563","8066492917.94292","8457958376.03571","7848460826.07717","7736026107.07849","13305069589.0007","11888131375.5201","10949508357.6919","10533532743.3335","8814226611.4406","9568919834.86931","9189217154.86594","10406050470.5608",-1.81593150848859,-0.0183850860640067
"sp|P12277|KCRB_HUMAN","72925336.4570391","95899947.1456337","1699545517.68209","1669397236.10902","1131216614.98792","1145811709.6851","1836983601.34151","1830469164.80358","2141682708.69899","2036062823.77278","1059731221.24115","993329242.367705","386072939.273112","349223777.462023","53249456.0859271","50630019.4695192","42939138.0561229","43835020.5317348","1503631326.7274","1492133255.78652","1623607200.73612","1622599265.49325","1384448990.43846","1361393417.17909","537647313.315117","535569370.343862","1854712640.18046","1836250978.22975","2043297987.19759","2127978766.19721","711344947.523308","747476864.786759",0.805483255244143,0.00803768337079365
"sp|P54652|HSP72_HUMAN;sp|P34931|HS71L_HUMAN","1025697821.71283","1238411663.13991","1232890646.72531","1152422608.15268","2243314075.91971","2335814504.59222","1200484897.36792","1069863256.1409","1288069171.9461","1224588509.95029","1110194612.72882","1060295258.7071","951084179.052019","891236706.519799","1114211308.01646","948162182.792815","1023549221.10526","1068739548.2023","1114533746.56549","1139083869.37275","1144256503.37593","1222698816.5961","1208955456.43922","1159024125.43625","1735443859.43487","1629337802.73626","1139642706.61691","1202815563.25902","1336274462.21573","1331732882.1278","1035456041.36072","1051264253.68405",3.46061296731138,0.0360577218886662
"sp|P13591|NCAM1_HUMAN","24110815.8475847","27230849.1895009","205673813.495764","199789153.095628","126186416.770484","135729761.753332","172418636.266264","162151149.758856","177453710.149345","166721086.294438","92669137.0955464","91520222.3305077","67671211.8276465","61031537.1337415","28079019.9108565","27156101.351833","32953291.9965594","32563158.1092887","187953915.840926","185184395.137792","182977954.368673","177591573.152411","179393390.310335","169254316.730374","63632941.5126119","68945127.393562","178767483.390888","177219571.154732","105817854.238953","123394829.987366","60937741.2383448","60224517.4480597",-6.94810347147103,-0.070736967038257
"sp|P29401|TKT_HUMAN","143479117.256939","167884105.003097","167073966.145019","158323479.81163","376010029.770633","394563260.910848","115214322.36484","116180462.971551","160626203.152424","159344047.07787","128911027.345785","128909581.453337","132305894.919437","115673490.957452","121936779.692564","110005224.120137","124823075.744543","128582726.893089","152341594.94475","151877849.2497","162360720.073612","167370475.417021","177443462.154788","176613200.066477","273927903.302955","298711930.501647","151207496.368126","154444365.2232","164029457.795793","166000969.398098","233068651.748251","230505343.329963",-1.59722433610404,-0.0165961640086135
"sp|P49411|EFTU_HUMAN","90712003.8855852","85954767.441642","78928046.0754053","73776587.5312698","148173443.935038","155300099.49451","99906125.6869943","99463849.5943495","99435268.6181672","96491672.95271","88540314.1556459","85381670.8327297","82420065.6875182","70175251.1808544","93522153.96604","98613469.7394954","105683537.463713","106873954.82023","88371314.8164352","83932495.6379919","73448897.1761576","78957980.0058922","68344981.8519267","65586047.7330197","79115823.0036485","82070348.5822707","99811844.8932459","97506350.3943706","128913956.055027","134570210.81641","64336659.0763401","59291836.8681119",3.41107741707499,0.0348327178847904
"sp|P53396|ACLY_HUMAN","22727408.38092","28651589.147214","20740216.4869678","21109797.3082173","39512918.3826767","41034579.1347282","15630474.5026427","15295701.2401395","20193008.3963047","19032761.1787455","32755328.6565446","34041058.3058596","46198615.766951","40650969.6793332","58842886.3470538","59835477.5548864","61080091.7309966","60701066.5268023","20839802.5985026","20583445.3588409","21003807.4380942","19547849.4189345","24861583.9832258","21708705.8415044","66355206.3901568","62307084.4935254","20260314.7843007","20782375.4125228","19817768.4446391","21777253.3277023","46006780.7357225","52096872.3942287",0.077820514402771,0.000752502103479969
"sp|P31939|PUR9_HUMAN","39130668.3428015","40017508.8089188","30361372.4684223","28756713.6800716","98144990.8214873","101008194.793177","42218395.048375","42710947.1787501","33043104.6484986","29213075.2976094","90375346.5733795","80359219.607275","30582182.2682633","30405603.3373875","45754259.5360171","49019064.30458","53257845.6510052","60450580.6951924","56320226.0098774","59751943.3232371","27704408.5839893","30663293.2061717","27298994.1776597","28239714.802296","70778886.8161673","72264148.8435803","38360522.4776281","33237566.1563292","86728219.0644423","86143560.5572176","39573114.8280884","34109461.2095206",-0.48835040383771,-0.00485418910616112
"sp|P50991|TCPD_HUMAN","46047705.676125","49725898.5199582","43784901.4724876","39957830.6191257","46523274.8699258","48610193.7442165","38189922.2384156","38197461.5669057","48799770.2910698","48098295.6920236","37113530.6486619","36440673.8913546","51837883.4192549","49904848.9559294","41950726.9584509","42690311.8708901","46184538.025481","46256383.5706306","38250270.5921884","38902045.5972915","41878757.1618442","42545319.3235633","42898419.4220367","42681523.3493985","71119169.9258604","73320201.1231315","41712412.7912072","40995370.6767573","37236572.3157116","35854346.8265176","59481062.1649182","61423678.1937069",1.87911560417025,0.0190553696973582
"sp|P23634|AT2B4_HUMAN","6274563.13098282","6878984.98654827","50928753.8179988","48143262.2284344","14610972.451746","16877785.174089","29810698.7936999","27248079.8048386","42680676.8376441","40573715.6911242","15368396.4985188","16016038.9078388","18327619.8699876","17295941.0288762","4873261.0060329","4728281.1428824","3935536.50800734","4132464.5891409","26445445.7025302","27844272.362445","36080160.0163581","39095698.837869","36951138.547618","36886402.7222173","16518479.5969445","15991648.8046336","39552305.700234","39073712.6762843","24981497.8826926","26308709.0350421","16144859.7304778","16655010.3562112",2.95757639847082,0.0288757891980541
"sp|Q16720|AT2B3_HUMAN","3539552.78274316","6232693.81797528","18550971.4133434","18578775.6921811","3661256.41258137","3903103.76208757","22156600.454777","21313682.055932","17898348.3512701","17704894.1197633","4633456.85477732","3931405.66647696","4896449.14522901","4422254.14457187","1021058.28789389","954332.507336696","1006228.97832125","1106438.3321519","14574672.0704718","14455040.9154319","18168937.7225232","18142448.4803183","11992058.1566148","12326129.5879729","7015302.22466126","6945258.05637932","17653288.9848502","18362509.7822975","9580148.51670728","9898202.17023822","5959385.42094187","6089139.26833558",1.7588548191199,0.0178348334513342
"sp|O94973|AP2A2_HUMAN","14895900.1466836","17403250.6300438","35488814.8777005","35918966.3382168","10133562.9250604","10343132.7157491","30455254.4432934","29755571.8114189","46964042.2550421","44114694.5150769","9266913.70955464","11161002.7232326","22882412.9737715","20160236.9954417","7881390.20017922","7338607.59783576","7242298.06926473","6842952.34197086","27170881.8689338","26778462.894026","34147294.3011961","33601858.8050965","30711368.4498672","30079435.6363218","5252678.41177271","5116829.19248838","34934145.7126361","36653847.046059","7557893.98884431","7509517.03766346","13595671.3519813","11088262.0830823",-2.06510144448927,-0.0200848580012986
"sp|Q9ULD0|OGDHL_HUMAN","5331293.2992837","5844285.76469216","10024437.9687011","9477868.17919962","6393985.41729175","6071477.67975899","12649404.6232727","12370293.8991292","12067823.3826376","11967848.6447036","6606116.70384093","6473381.57947493","5322445.8296752","4427300.46010412","2538322.80828726","2379852.3604248","2641682.67838128","2481821.69107947","7847900.34563865","7727118.64603735","8791489.16867834","8487522.38506989","6382894.57380218","6393844.7860256","4663521.60874832","4373915.40315269","13482047.7057295","13238088.4477029","16295087.1349299","16205515.2035599","5390954.32261004","5470278.25608313",5.49248948618477,0.0539850583483576
"sp|Q14203|DCTN1_HUMAN","19599139.715074","23915789.2881704","30591819.3182775","30749220.0586533","42062138.9234945","41665880.3521856","32388921.392074","31427233.149139","29371648.5764432","29803238.4349349","36379517.6815685","32701737.9790716","16375565.6826516","15423132.1276603","9360599.44739407","9186330.25387412","9153692.22126651","9685452.15558331","26247599.4753293","25845879.6091594","23065530.8676004","22486415.0178593","22424173.7887919","24560273.1342444","28753922.7690679","27909953.1024266","25921285.0916788","25977969.2656535","37236572.3157116","37251269.4301482","17601538.8039044","16655010.3562112",0.915323008526867,0.00948719750951226
"sp|P48681|NEST_HUMAN","41502223.9999409","51383428.4706235","4455168.80680779","4369867.10035967","24039580.2760078","23464506.5266836","5223665.79103557","5509945.13290201","5507147.4730706","5282982.03948569","12982854.3554652","12053882.9410913","30365287.3585593","27320976.9118554","46537339.7725749","46257426.8789698","51177461.0552628","52017557.6976586","22158777.4465091","23314582.1216644","11212130.893887","11635332.3612132","26909008.5465503","26032049.8014651","54615439.1057444","57781146.1525913","5654460.48649099","5786116.85211512","14275327.7590755","13753456.0205903","36659756.6812353","38639624.02641",2.95145233273805,0.0273713217804305
"sp|Q03001|DYST_HUMAN","2877972.2746626","166936945.031288","5876394.67130755","5271696.5804091","13086090.6256766","13613167.3612934","6244466.34853025","6248662.0280053","4047514.20924544","4223149.92733589","3670984.44865935","4766492.61286298","5902510.1715641","5662519.03569701","1358654.72943265","1115038.65447137","1198779.55875218","1247787.94197863","2697408.18525823","2799705.45310447","3527250.99511254","3502922.8242932","3562694.03190103","3514288.27763165","4708528.03301903","4847565.08216938","4039033.47989481","4049508.36422345","3845649.21049607","4021166.84389278","4620294.99463869","4722794.97178918",-2.96343386556222,-0.0281105353711504
"sp|P60709|ACTB_HUMAN;sp|Q6S8J3|POTEE_HUMAN;sp|P68032|ACTC_HUMAN;sp|P0CG39|POTEJ_HUMAN","15098904350.4547","18090755461.5467","9160262281.74412","8562392275.52693","13638329893.3755","13604541236.206","9346056919.10592","8943388156.80286","10570733940.7929","9678675452.13727","7523632912.70773","7645286865.41436","12037667488.5717","10509762892.7057","6779237476.48567","6581902531.0375","8188393768.84204","9017489937.95687","8573336512.04222","8859541206.23248","8053607146.50851","8419629259.52799","7819211903.74396","7708430294.5681","13288055433.516","11888131375.5201","11023994809.1048","10391187706.2614","8814226611.4406","9568919834.86931","9189217154.86594","10419374478.8457",-0.200411662260758,-0.00205721727995974
"sp|Q9NY65|TBA8_HUMAN;sp|P68363|TBA1B_HUMAN;sp|Q9BQE3|TBA1C_HUMAN","1968391195.42577","2509973925.29313","18493359700.8796","18794181787.1629","7806987906.25467","8301611009.56424","13938515922.4597","13289707634.8753","16980484333.2562","17557353335.4319","12202965577.9284","11328417764.0811","6929792365.04265","5805707593.76927","4374062464.20115","3831771928.03407","4285592267.22932","4341754414.57183","10617747526.4523","10924547051.2942","12241482862.6929","12278093654.6379","11407079709.9507","11314283129.2587","8473049431.35848","7995824402.31681","15418695442.4641","15302091485.2479","16261541074.5829","16506968766.2344","7052754513.8403","8207589103.54088",-1.87832191882774,-0.0186623073474961
"sp|P04075|ALDOA_HUMAN","81621040.5332172","88085877.3782117","311103247.304517","303184078.686897","264481631.109852","273984728.376493","225594477.357729","220659296.579061","275359205.404155","255245556.893254","201853565.950695","202014149.290511","219063858.801035","199399065.364751","72490856.1842032","73528596.45687","74644199.2952369","74143806.1565343","216311875.073065","213161893.683789","216480960.098149","217198326.87705","234966342.743428","240083568.840367","158231646.007297","170477010.841849","264426902.515689","265473494.139418","254528468.993472","242133251.295963","197865574.140442","215848934.216497",-4.29572935715061,-0.0431248016979692
"sp|Q12931|TRAP1_HUMAN","108696300.952226","149177695.559875","175715723.014589","158323479.81163","252054180.973365","244944872.373454","101517514.810978","112837140.296111","148082061.572901","138688337.271479","190384613.33986","188062895.88647","253767044.353675","218127154.37691","231568012.810649","255451461.868938","249646151.489087","247146020.521781","145087233.280715","133226183.552368","131434868.631019","132874270.560078","143319719.432714","124181156.296741","156360088.903985","158407841.932692","161635599.565928","143056762.257434","146589544.179574","186721988.018618","157806899.621212","151893694.448646",-2.18295389608801,-0.0212764406243736
"sp|ANXA5_HUMAN|","284586678.856738","307826990.837837","59340063.8377135","57082615.1701795","579947673.036061","590266638.322629","88626401.8191079","90269712.2368887","47422974.264049","44852398.4367337","155518997.402922","157370138.39758","200627791.476196","177366019.468093","357979536.712115","326793762.030533","362819073.497473","368214172.466572","191910840.384945","195176358.904219","143032062.921991","134151907.777001","229116558.276787","236404127.172315","917062980.622936","983637266.096332","65846023.0489772","71101346.0175009","90027662.1810243","88471764.8966019","620302505.434147","690183629.161393",0.921041535656965,0.00934968215164172
"sp|Q9H115|SNAB_HUMAN","31818371.7332881","35281708.9498751","150942686.655155","140552476.975631","105473999.876339","108583809.402665","133745297.290654","124538769.660152","165215523.242493","168196494.137751","112854493.690616","113284177.640811","45547931.037839","42964439.4984823","15773473.3363776","14498596.4844532","15394846.0084937","14611673.5105783","130578509.952643","129895528.963559","131434868.631019","126102793.310381","116020725.255054","109463389.624535","71119169.9258604","71660690.3981224","148972902.82574","155156090.40856","134570144.254882","142486105.570317","58509942.7826338","64354960.0164001",-0.53907235946986,-0.00570669347464357
"sp|P35609|ACTN2_HUMAN;sp|Q08043|ACTN3_HUMAN","209487416.380654","286515891.47214","153247155.153707","141090992.213085","72334132.8457065","78597001.5734409","148247799.406508","144598705.712794","152824358.999306","142671938.448426","74318812.9182105","75894818.517982","123630098.531277","111266881.778121","118580721.535888","118520272.849102","133976767.96581","154466262.826113","129919022.52864","122568088.868179","101797594.331868","96206082.4343639","93109069.4273751","100264785.454406","124543618.147679","115864021.527912","128116696.430137","132380884.477029","125614512.938445","152730204.663608","105245063.05507","104859945.202706",3.65383209704222,0.0375146345859761
"sp|P60880|SNP25_HUMAN","18530362.8180522","22789064.5717493","235631903.97694","231561552.105445","50984410.816357","43875434.6132863","161944606.96037","166330303.103156","276888978.767512","267048819.639763","109184428.855149","99890974.3729322","54982859.6099628","55743606.1185437","17563371.0199381","16109551.6493925","14729122.9378561","15530121.5598146","145746720.704718","152543980.167462","231943885.819445","233807610.69706","180368354.388109","181212502.151541","50021617.1248874","50087050.9730034","280069057.312392","267608669.695499","183354767.478631","182065579.339849","97354718.074009","93268057.9947828",-2.14571158217905,-0.0209122062838786
"sp|Q93050|VPP1_HUMAN;sp|Q9Y487|VPP2_HUMAN","19109159.0098815","34097758.9851142","111766722.179771","113088199.86545","26282153.389112","31565060.8728678","120048489.736792","127046261.666732","130030735.885296","124376881.191337","41930490.7452126","43695325.6614558","57477151.0715588","56735093.1838933","15661604.731155","17260233.9100634","17392015.2204064","16281579.0546444","123983635.712611","121901957.950417","123574548.056027","125080683.536842","110170940.788412","107623668.790509","46618786.0279563","50087050.9730034","119923186.774721","119569831.140542","88613615.1310606","91265610.103863","43700372.2027971","45967828.5831429",-2.76616439160524,-0.0268635200979241
"sp|P54920|SNAA_HUMAN","45257187.1237451","53988118.3930975","72590757.7043874","70006980.8690881","65961081.4936619","71652688.18141","62763606.3791682","63857463.1009101","74499962.7954576","73032688.2440236","45875810.4433398","48996801.9549913","40776243.0243511","36134195.2705184","28973968.7526368","26580760.2214976","29707892.0272013","29557328.1299697","59353868.1602923","58353068.3959373","61336272.0278088","60176712.9171121","59667801.559742","57491276.0633062","71119169.9258604","71811555.0094869","72102884.9676582","74731144.4628388","61982395.6900769","64724080.6348824","57538823.4003495","57426475.7082162",-2.00691836249414,-0.0198491571994506
"sp|P48643|TCPE_HUMAN","27470519.695199","25336529.2458835","36525825.7020489","34411123.6733441","36326392.7066544","38193723.6561701","25943364.8961389","25827167.6677765","31207376.6124709","34524543.5335384","21469879.287483","22656835.5281623","31449761.9070793","27651472.6003053","25282304.7802931","26465691.9954305","29208599.7242231","28889365.9123433","28094164.2625384","28443790.1884306","31956713.1573458","31940930.4230956","33636260.6831879","32287100.6371528","49000767.7958081","47974946.4139009","34189281.1985074","34803361.5641221","28987964.5242565","27705631.6386727","43578982.2800115","43835987.2575479",-6.56136153764095,-0.0677912340497359
"sp|Q99832|TCPH_HUMAN","26680001.1428192","24152579.2811226","19011865.1130538","18955736.3583992","31836227.1576102","31289162.6736577","22640017.1919721","22483844.9923362","27229965.8677443","24786851.7676686","28718257.3375307","31027587.5705867","21472596.0606955","28312463.977205","23492407.0967325","25084873.2826254","30040753.5625201","29891309.238783","29215292.8833439","29442986.5650734","26029258.2975155","28491309.9374012","28956433.1098748","28423686.8856986","39132557.6147079","39526528.1774907","22122476.0696224","22348170.8203156","27809591.9826201","27938452.0726111","38237825.6774474","30645219.0554286",0.375319035965406,0.00373869418634111
"sp|P11047|LAMC1_HUMAN","76482669.9427483","67485147.9913719","6164453.23362655","6139073.70698157","14307631.8028144","14654764.6582837","13052251.9042686","14627036.7050514","8934778.78493896","9196510.67878046","10138554.1079781","13114178.1997984","36221449.9205672","38007004.1717343","102695379.594288","102065516.521508","94033383.727556","96854521.5558331","7452207.8912367","7926957.92136591","6958064.78532095","7160086.12868292","7695691.64755663","7035825.1638929","15844318.7307019","15840784.1932692","9012860.62095728","10035325.1135812","13605303.0014034","16769976.4182528","8416754.72283171","8069387.03476019",-0.753311028957228,-0.00760408184173677
"sp|P78352|DLG4_HUMAN","7640005.99239801","13104343.9621834","39982528.4498769","40280939.7615984","13403800.2716525","13324606.9073573","53175841.0914647","52824498.2719571","59355206.498229","56803201.9675739","20414735.6472862","20201414.9290511","11061640.3949038","9411842.5750165","3096862.1323047","3064160.43586566","3188510.17330111","2919240.80966747","34754987.2449712","35837843.375587","27704408.5839893","28619073.6590936","24276605.5365617","23548426.6755302","10467305.602284","10546455.1593044","46479545.6816309","46689172.1596402","46192203.6321486","45167164.1840547","8988957.43277028","9472793.21953996",-2.56504011455447,-0.0265909686226601
"sp|Q13263|TIF1B_HUMAN","18431931.8807426","23678999.2952182","7431910.90783014","7216104.18189062","25772924.5735643","28574929.4456482","6754859.93678994","6657751.15188749","8318285.80720368","8444437.58751491","16377664.3282723","17299554.2210106","24942914.6159595","22143211.1261409","83901453.9169019","92629921.9840068","78305676.1837435","87670041.0634696","12925953.5104637","14321814.7318796","12027026.739215","13287427.0560078","14136979.1277166","13429962.0883883","38622132.9501682","41336903.5138643","7746590.94693849","7757804.52042802","9677940.84793087","10222041.4991231","15902079.8849067","18520371.5161069",0.183935934945931,0.00180402657640857
"sp|Q08211|DHX9_HUMAN","25889482.5904394","28414799.1542618","11291895.6429047","11362671.5102905","26670613.3563309","25045758.3142401","12971682.4480694","12537460.0329012","14413716.267313","14391269.1231626","21561630.9083697","23047470.6234754","32751131.3653033","26549820.3054724","46649208.3777974","44646471.7140306","45185953.4195247","46256383.5706306","17542365.4784864","17785695.5042412","13787775.4348226","14565064.2729316","16086907.2832638","15637627.0892193","46278502.9182632","44505060.3525181","11023994.8091048","12170500.6696623","11794772.4892566","14262179.131696","24399374.479895","23450254.5815454",-1.57255058751674,-0.0162767859735096
"sp|Q03252|LMNB2_HUMAN","60869928.5332467","55882438.3367149","12098459.6173979","11362671.5102905","11796211.7319214","10408283.3517629","11682571.1488824","11952378.5646991","14370940.0041165","13508054.119515","17524559.5893558","19810779.8337379","15941775.8632437","24787176.6337398","35909822.276434","43840994.131561","42190199.6016557","41413657.492839","14442774.5856711","15121171.8331938","16493787.4360494","17759157.3152411","15696921.6521543","15545641.047518","12572790.1490046","12136766.3222443","12513723.8373622","12953398.3735587","18300555.3099394","18061718.1954274","12503162.0469114","11115392.3821181",-2.24424343925776,-0.0232028708973238
"sp|Q07954|LRP1_HUMAN","20355852.7237806","26283689.2176922","8065639.74493193","8723946.84676329","5849457.69149549","8129237.45071276","10393459.8496954","10280717.226979","9254381.27712936","8755419.38011191","7569508.72315107","7812701.90626285","10791631.9636499","9485611.41047484","11858072.1535888","11736959.0588431","10235492.2110526","11021376.5908362","6858669.20963378","7127600.8200517","7014772.71890482","6973049.74377993","5850008.7912512","5356772.68326298","7217175.24414049","7050871.21679571","8863887.71813154","9110082.37261273","6913498.42152247","7029516.98349268","9111211.01815066","9317562.33002102",-5.474287626891,-0.0531929704608375
"sp|P12270|TPR_HUMAN","9838690.61376528","6810967.36416395","2660451.60170926","2463653.45083978","6715042.28224705","5911811.12857683","2825599.80490479","2747625.18149352","3099001.6148226","3097568.78759623","5229842.39054074","4766727.54918005","5071739.84487167","5050894.39577493","16220947.7572677","16109551.6493925","17558445.9880658","18702942.0935402","3049521.10065617","3047211.09981542","2838488.89193927","2885013.65217576","2752078.79464922","2918365.18574317","15820377.7518193","14736232.5905792","2515515.10458356","2802968.57343857","3409833.81279772","2906142.3835213","5444530.12677341","5870789.13529502",0.31408797254512,0.00310318145043107
"sp|Q14980|NUMA1_HUMAN","4637278.50472643","4823218.32014772","852488.164195076","781813.408743724","6608944.28416673","4953335.52365431","832883.395324182","813362.227391141","842457.733646361","923998.405186665","2572904.53644916","2795670.43973441","2095810.04153636","1981356.345491","7187746.57432436","7471412.81769261","5749596.42074827","6761456.61384079","611669.97271443","563449.543212159","1590647.06869144","736501.634280727","961244.287042177","829591.853963112","8268075.56672943","8061190.29094409","737668.692167069","811657.645350016","712338.764284571","637894.89216968","3153264.90902596","3214574.6577416",2.93645853796903,0.0300536912995729
"sp|Q99715|COCA1_HUMAN","26877630.7809141","23915789.2881704","655701.215447325","563278.405064979","1603977.59846978","2004043.60980625","5404233.35745851","5481208.08679122","611508.982389527","422177.539460223","2918086.27021174","3101598.03286526","12146114.9434237","12558836.1610948","3547622.16321606","3278112.46720915","2410519.69800799","2599600.52987978","612930.135331298","656745.833434011","347625.660098549","430961.791511426","516135.582831506","381620.368996174","1007218.49541022","1024240.61261454","613091.485392447","585287.156431509","1257925.7054427","1022703.26663346","456304.196438916","516493.507603443",-5.33507475847801,-0.0512948859767572
"sp|P04406|G3P_HUMAN","610675581.713417","696162579.279415","1641933805.21829","1604775407.61448","1743029544.78421","1729765335.83316","1369680755.38621","1328970763.48753","1408921267.65126","1336719506.04213","1256997206.14751","1322578822.70307","1474885385.98717","1299949707.9028","849082713.639047","775559843.692181","728966762.348133","739768156.021277","1378328716.16679","1398874927.29987","1391663314.91667","1507611915.97011","1579441805.99317","1554564104.7518","806470969.972675","798073794.118037","1608907350.51799","1665436933.74326","803650073.396055","812543314.445107","1699458918.99766","1812065126.75578",-0.874345463610673,-0.00829132525152661
"sp|P00558|PGK1_HUMAN;sp|P07205|PGK2_HUMAN","731229660.951341","786142776.601244","743191090.783014","710840113.439972","1124843563.63588","1190002794.90712","725125105.792701","692903624.485006","850553990.026169","839507062.845443","660611670.384093","652918659.30911","685387914.664625","569554236.428598","595140979.783891","575341130.335446","538403533.37813","561923215.578238","751815663.363702","752727937.07088","731911817.474693","734641399.731198","694174423.374776","711052102.350971","864319098.620504","939886528.800637","841696900.965432","825601215.018028","751801681.564051","758994614.639269","854585056.410254","924686174.976846",-0.243868061300053,-0.00251907582165
"sp|P50570|DYN2_HUMAN","9985711.39840652","13199196.0425732","47932944.7698812","42219594.6164347","9778337.1077939","11744966.9927909","38351061.150814","36358634.0954135","51859317.0177826","46180265.4957159","23396663.3261033","24330985.9366472","13122142.0370917","11236853.4072954","6376471.31906162","5666040.4676294","6831892.94591163","7099930.96421991","40624425.3186001","40167694.341039","36724448.5880788","37434770.455868","33441267.8676332","34126821.4711786","12456801.7365408","12591893.9289942","47671328.9042369","49891935.4937619","33701454.6908023","35621526.3925792","10979639.6197863","11765819.2357785",0.978679383719275,0.0102830146160028
"sp|P30153|2AAA_HUMAN;sp|P30154|2AAB_HUMAN","76877929.2189382","23219858.7962347","67405703.5826454","70006980.8690881","61818598.1148329","59657965.0497202","66147523.5395342","72800851.257713","88267923.0656654","88524470.5988165","57803521.1586082","53405398.0306682","50102724.1416229","51667492.627662","43069413.0106763","46602631.5571711","46184538.025481","42749581.9280918","54869353.6770702","51824985.4018712","65975149.7441977","68098063.6620397","56645412.9186439","63930298.9823965","52403598.8927392","51746561.6980126","80445367.5258997","76154594.8335595","56090532.9818947","55178442.843407","47827629.5775057","53962233.5541243",-1.39404723131235,-0.0136451805560272
"sp|Q9BY11|PACN1_HUMAN","41897483.2761309","34808128.9639707","154975506.527621","151861296.962176","35689087.5714499","31880711.4815965","127299740.794719","127046261.666732","188162123.69284","185901388.257515","66061167.0384093","69756267.020204","44138114.124763","37125682.335868","11746203.5483663","11621890.832776","12648738.3421137","11689338.8084626","137173384.192676","127897136.210273","145609217.208874","148205917.163163","118945617.488374","114982552.126612","48830626.2409615","47974946.4139009","189195586.58869","185048548.193696","174870485.178848","166233789.832036","39087555.1369463","40771465.352005",5.28881922095969,0.0525791372641543
"sp|P08237|PFKAM_HUMAN","18525235.2874473","17455293.4547115","72590757.7043874","71084011.3439972","101012863.929907","101639496.010634","70014857.4370952","76478506.2006973","78477373.5401843","73032688.2440236","55968488.7408746","56921113.8884865","35245422.8268992","29524281.5015212","24834830.359403","23934191.0219545","25547122.8357165","26384507.5962442","69246179.520341","67945353.6117078","61851702.8851854","65287261.7848073","57132894.9575307","55835527.312683","40323548.4986337","41789497.3479577","74486451.4128701","71884243.7213973","84842822.997824","87074842.2929713","43336202.4344404","43702747.1746982",0.136290668476724,0.00133518388092302
"sp|P04083|ANXA1_HUMAN","227274083.8092","248629492.599791","31974500.4174087","31341586.8198533","503471056.811526","523980010.489606","39559602.9938018","41707950.376118","35031810.020862","32163890.9842367","37664040.373982","35771013.7279606","180022775.054316","150926364.392104","102807248.19951","98958674.4176967","100690614.433932","104369096.50413","51505967.8146536","50159658.1074666","33889578.8725078","35007259.7437127","33051282.2365237","32379086.6788541","222885436.848988","220262332.592124","39552305.700234","38860195.1206762","54205136.9152764","53548699.805838","103060044.44493","104326984.871307",0.442377276662011,0.00458295651628814
"sp|Q07065|CKAP4_HUMAN","69565632.6094248","116737466.525426","10370108.2434839","9962531.89290869","33139867.0306321","38193723.6561701","10635168.2182929","9695635.75877693","9299168.07250455","9847149.09131053","25506950.6064969","26060941.3587482","40776243.0243511","35473203.8936187","55486828.1903778","54197134.477599","49679584.1463283","51600081.3116421","21169546.3105043","22248772.6532455","16880360.5790818","17503629.8718564","22034188.1576825","22076650.0083096","46108361.3634166","45108518.797976","11843345.7746463","11245257.9286938","12503115.9116791","12868712.5308843","28526631.8546036","31711139.7182261",1.40493995501906,0.0140577796419278
"sp|Q14764|MVP_HUMAN","32608890.2856679","31966649.0485446","3625530.24742642","3588629.88407198","18756078.236051","19493250.7900212","3648511.16617117","3768346.71293247","3290368.96861909","3220176.51904591","11973586.5257117","11607442.8321619","18002277.5054316","17295941.0288762","5804314.3617354","5243054.31966448","6247677.51549327","6029179.68080868","5649346.71635761","5653839.6781309","7717670.78780857","7975836.73519455","11212086.894396","11682227.2960638","48660484.686115","50841374.0298258","4666862.40563397","4744707.26800454","3316652.25300622","3816719.24209517","24156594.6343239","24782655.4100423",2.04773640485329,0.0198021068890135
"sp|Q99460|PSMD1_HUMAN","6508835.02533473","9402615.72259112","10658166.8058029","9962531.89290869","11409399.6605233","10743051.6741988","7404800.24778766","7455743.49472331","10857438.9627589","10201545.9296955","10826691.2646282","11216807.7368488","14423511.4953157","13990984.1443776","18346451.2564959","18180779.7186001","18224169.0587033","17951484.5987104","9364721.42084612","8326636.47202301","10088839.4388373","9513754.7796092","10334619.2243998","9566548.33693415","15730786.6637754","15388190.3591758","9683238.68367311","9608290.00236499","9959523.2916551","10648637.3232237","10748964.2383442","11749771.1366644",2.71846792233586,0.0279856854065739
"sp|P53621|COPA_HUMAN","16415906.9543639","16780959.4509126","4466611.30234766","5015131.84122077","5939547.95478551","7286255.50900798","5755307.73880129","5855529.03445875","5197833.75311375","4933458.18255189","8532900.74246121","8649777.1105053","16375565.6826516","14762140.7507606","11634334.9431437","10932226.8618762","10817999.8978604","10854386.0364296","5893624.63575238","5722634.84759482","4460197.97602005","4559226.24797513","4709494.57389235","4642134.35237946","10862701.8661732","11243815.5301032","3836299.26345731","4273800.61567187","5878108.10519832","6490168.07648634","9909274.94664232","10045611.7847657",0.0814251351855801,0.000850496341175352
"sp|Q13367|AP3B2_HUMAN","521006.143536785","7115150.77740003","12789800.1669635","11739632.1765086","2345477.04841938","2239631.6988484","10393459.8496954","9946384.95943495","18357280.360277","17409812.5511006","5642724.6845308","5246084.19963074","3902966.6029951","3561604.13870525","538076.906060306","580635.953678566","530628.52018357","549196.71321502","9430670.16324644","10191803.0417562","11164573.8669134","11369735.1958282","8862727.61285552","9087155.30042848","2682129.58216962","2502604.03987363","15493181.893877","15230918.9667119","15294478.343644","15041961.5681229","2236058.05683957","2307212.15181474",0.36682617911087,0.00368300887961943
"sp|Q92614|MY18A_HUMAN","3454703.39487758","4234513.99717701","6855793.78319214","6462182.84945429","6097415.21451577","6430221.03585155","4935423.64674615","5267144.25395954","5387854.17205928","5045488.64582868","3487703.07560928","3547945.53170032","3399812.85230881","3086158.16839106","6283021.1961718","5833667.92518128","7325280.72213401","7252642.79004837","3260646.89061051","3123539.29269694","4603524.11544056","4600380.65348848","4809872.79706518","4597706.25602144","2938490.27295398","2739153.98595631","4160245.62566152","4124730.43892602","4036331.99400173","4329564.98844004","3610705.51798471","3585991.15918038",-2.11136701977714,-0.0215508744496529
"sp|P62258|1433E_HUMAN","116601486.476025","172619904.862141","339909103.536417","322570627.23526","303038591.789722","325120126.990539","254599481.589437","264958322.028645","387032660.929174","380655223.574911","228461536.007832","219313703.511521","211472536.961395","191687499.300921","217025094.13172","223232358.570153","233835228.561445","230446965.08112","278303692.929371","277776592.706688","318278554.430016","329630401.966346","313938433.043087","329310029.290618","296046305.433007","295694638.274358","320291741.075341","325970134.895049","384149448.573481","374840898.640866","195437775.684731","193198120.13205",2.03636324024817,0.0206105149882585
"sp|P40926|MDHM_HUMAN","215416305.523503","198666804.086881","714385234.551114","678529199.1927","379196555.446655","375624224.387127","701759963.494936","689560301.809566","832196709.665892","801146458.919289","300945316.508309","346549134.556374","383903990.176072","380070041.717343","457542595.360172","451067446.182989","506781687.522846","509321190.940157","712246417.923508","759389246.248499","706140274.605866","765304692.93737","635676578.708362","596069550.224359","275629318.851421","288151407.706134","752313159.269988","775780452.042802","501986702.737125","481938298.252542","507409877.243588","512974318.971305",-3.18016202309851,-0.0329827696449184
"sp|Q14195|DPYL3_HUMAN","32411260.6475729","44753308.6679624","69710172.0811974","72699557.0563607","318652567.602231","325120126.990539","52611854.8980704","52072250.669983","62108798.5522706","64180241.184142","80741426.3802781","78127019.0626285","40559348.1146471","41532291.5151995","15325998.9154874","15304074.0669229","17225584.452747","16866045.9950675","66608229.824328","68611484.5294696","63140280.0286267","64137388.2895759","62202708.1619532","65126117.5245133","81157521.6618071","73621930.3458605","66963319.8201702","65549889.57169","85314172.0144785","89403046.6323556","43943152.0483681","47433469.4944895",-3.64235871362964,-0.0367907591164514
"sp|P07355|ANXA2_HUMAN","913048927.998701","892698273.429726","38023730.2261077","36349778.5281804","1051553473.08736","1098464118.3758","119242795.1748","118687954.978131","41762812.8196302","41606501.1814438","127075994.928051","122771029.955559","317751042.716353","277616378.297885","379234571.704396","388930604.106761","459348918.73992","487612418.867298","63046997.7347105","64548085.9311224","38270741.1602084","40245572.3331004","51478103.306444","52064099.6029301","532543066.66972","502379155.843679","58546350.8105159","60283123.2000233","68109932.9065864","72872795.8227274","277982923.178904","281136574.812845",-0.588320044518911,-0.005748406366854
"sp|P00738|HPT_HUMAN;sp|P00739|HPTR_HUMAN","154546376.990256","105371546.863721","371019428.266869","342495691.021077","45885969.7347213","48925844.3529452","40526436.4681921","40287038.2390559","89338764.4200149","87639225.8928283","97715476.2443138","107703676.279195","1268835221.76837","1134701863.67787","102583510.989065","108049064.276997","89040460.6977743","83495277.2033044","166190830.848818","177856955.042412","127697994.915039","119075788.6173","126745330.110563","127860597.964793","21097552.8009729","20970180.9796611","60334025.6444248","61493056.0151359","23567450.8327289","23747684.2617195","38359215.600233","38772864.1092597",-5.09734441901234,-0.0500751825598825
"sp|Q15019|SEPT2_HUMAN","62648595.2761013","70563417.8997502","88722037.1942512","88316498.9425419","230385806.376413","245576173.590912","107157376.744921","98628018.9254895","113662160.897382","108885098.836544","71566264.2916101","72546517.7010122","89035360.4334901","80420617.5228001","104373408.672626","99303879.0958979","99858460.5956347","103534143.732097","77819516.0323832","74606662.7893262","99220440.0449848","99783466.6417506","100421300.010677","103024366.705445","59719685.7511411","61251032.2139741","112474541.633434","118146380.769821","72823423.0731322","77063563.633619","102453094.831002","102594863.794261",2.54496808730311,0.0257095148694885
"sp|P49418|AMPH_HUMAN","6099250.33360082","7096041.86759099","128474118.794273","123858504.614541","15416508.6581781","17082995.613246","100711820.248986","104478833.60751","123146755.750192","116557219.621775","56427246.845308","48550361.846062","27328758.6227034","23685524.3389069","8865310.43252466","8284258.50979993","8116599.12891406","6824964.35657677","94306701.6324644","95922852.1577051","93292985.1851546","95567263.8259019","79459572.3385452","81591618.9890442","31306046.0917663","30474651.4956226","102791302.949761","101064976.321172","115009160.063717","115944576.101336","28769411.7001747","29845778.5583305",-2.33696948199443,-0.0240767191685681
"sp|P50454|SERPH_HUMAN","113044152.990315","83113287.5262159","6279676.65855415","6300628.27821793","27106017.9208445","27127201.1294113","7047745.27466929","6262263.8749318","7488975.68196895","7035971.33804928","103679331.601948","113842227.776973","175684876.860236","160841235.0456","76294388.7617694","78591598.4038219","67154814.7505643","73642834.4933145","18135904.1600893","17918921.6877935","10960307.1182312","11261796.6602654","21254216.8954636","21432747.7164006","34368594.0790043","34397131.3910987","6908945.72011064","7330769.4092118","10147766.9147019","7590785.36394425","34838907.8394521","35441862.0380175",4.61600542152129,0.048558791047819
"sp|Q13423|NNTM_HUMAN","11693326.8100607","14897387.9828428","59340063.8377135","58159645.6450886","58632072.4388106","61867519.310821","64536134.4155504","64860459.9035422","70675529.3870665","69786790.9887337","37297033.8904353","36161648.8232738","31558209.3619313","28642959.6656548","27184071.0690762","26465691.9954305","37280491.9557036","35318502.2569977","46889555.8466309","48827396.2719429","52831662.8810958","53532999.3891082","46115800.8786895","46820895.2259566","25351091.6721368","24741796.2637728","64207321.117894","64624646.8307215","59154301.5901495","60533312.8239908","30590260.5419579","31977619.8839255",4.85880175004941,0.0475856064825738
"sp|P05091|ALDH2_HUMAN","44861927.8475552","45463678.6468189","71438523.4551114","70545496.1065426","79025836.7653534","82069158.2694564","96683347.4390268","92777204.2434689","91633424.4650495","92360530.9914319","41242353.5885625","47434261.5737387","24075334.9771435","31397090.402737","18905794.2826086","21517758.2745457","19555615.1999785","21959257.9044691","79797978.304393","79935710.1314209","106178756.619568","104127433.179292","73512291.4641265","76900330.8622784","33517886.3047715","31832432.9979028","116943728.718206","107470502.989416","103696783.664007","101742529.631092","40544234.2103728","33842981.0438212",-3.94124317143786,-0.0393244963542495
"sp|Q92598|HS105_HUMAN","13010870.4666063","16189982.5667672","46319816.8208948","45396834.5174164","40468876.0854834","37878073.0474414","39881880.8185986","42460197.9780921","49105724.963741","50754029.8099881","29681649.3568409","30804367.5161221","21038806.2412875","19609410.8480252","18122714.0460508","17720506.8143317","21469569.0280615","22042753.1816724","48999915.6034413","48028039.1706287","43940480.5913504","46889285.8611043","42410937.3831499","44245286.0583205","50361900.2345805","49785321.7502745","46703005.0358695","46617999.6411042","41950062.4822574","42606139.410732","43821762.1255826","47433469.4944895",2.41176041714042,0.0241386609852557
"sp|Q9H4G0|E41L1_HUMAN","8129612.20128403","13736957.0444258","63949000.8348175","61929252.3072703","15001453.122357","14822269.4390688","61877342.3609771","58090231.4857756","71593393.4050804","71262198.8320473","22754401.9798966","24442595.9638795","20279674.0573236","10508376.3850753","7657739.05137084","6351907.35621924","5558713.03972852","5394425.05287014","45834375.9682257","45496741.6831337","51414228.0233103","54427345.4409548","39486045.1498292","37622291.0558276","35559584.9629302","32888485.2774541","65324617.8890871","65478717.053154","42657086.0072393","47029727.6555621","21971576.0241841","24116454.9957938",-1.79173300525213,-0.0182554953746369
"sp|Q13561|DCTN2_HUMAN","42688001.8285107","40017508.8089188","72014640.5797494","74315102.7687243","62137250.6824351","60289266.2671776","63730439.8535585","57923065.3520036","74346985.459122","73475310.5970177","56427246.845308","58037214.1608097","37414371.9239392","34041055.910336","16780290.7833804","17950643.2664659","16892722.9174282","16949541.2722708","51440019.0722533","50559336.6581237","61207414.3134647","58643548.2568035","59667801.559742","58595108.5637217","61080818.1899136","58837198.4321426","68006130.1399504","65122854.4604738","73059097.5814595","75201000.1621116","37752265.9863052","39838784.7720572",-0.591384608623084,-0.00593800906487005
"sp|Q9Y4L1|HYOU1_HUMAN","39723557.2570863","41911828.7525362","17629184.0139227","15563090.3624357","23373575.8375094","25460383.3272293","14421932.6596548","14125538.3037354","16062620.3152424","16081945.4921183","28901760.5793041","29130217.1076372","33401816.0944153","30185272.8784209","16668422.1781578","16684892.7797279","18723461.3616815","18786437.3707435","13057850.9952643","14055362.3647748","14560921.7208874","15459410.3247783","14526964.7588261","14349822.5054012","53254306.666972","51746561.6980126","19664423.1729977","20355340.3013066","20380490.3629952","21024548.8041011","34231958.2255244","31577899.6353765",5.2820594502204,0.0542095100660296
"sp|Q9NZN3|EHD3_HUMAN","4419298.41314941","5888561.87759103","34509415.7658159","36403630.0519258","13495615.9238812","12528453.1254766","32066643.5672772","32848145.2862012","35796696.7025402","37917981.5731597","21011121.1830496","21987175.3647683","9853099.87801092","9571447.93135002","1835221.61477682","1680259.13158542","1907671.3794937","1841610.20675558","34623089.7601705","35504777.9167061","31956713.1573458","31940930.4230956","27006504.9543277","26216021.8848676","10750778.4757379","11723726.245882","39254359.8945825","39927782.8987167","32758756.6574931","35155885.5247023","13110111.6608391","13856968.6163677",1.31560301490815,0.0135746329400268
"sp|P36776|LONM_HUMAN","8640975.94319683","8470909.21033943","12098459.6173979","12708959.6039268","27510783.3495071","29130434.7860686","14341363.2034556","14292704.4375074","17439416.3422632","18737679.6100828","10505560.5915248","11942272.9138589","9396130.80000231","8192736.7504647","15325998.9154874","14613664.7105203","19722045.9676379","20790324.0236228","12398363.5712611","13722296.9058939","13143486.8631019","13670718.2210849","11699568.9332827","12050171.462869","22798968.3494385","20819316.3682966","16238046.4080057","15302091.4852479","12200827.1999231","13176334.1936741","20150727.1824009","16388530.1905118",-0.731604258168617,-0.00727717221517501
"sp|P12956|XRCC6_HUMAN","29842075.3523385","37649608.8793969","6913405.49565594","7754619.41934515","18644457.9602954","20128489.5247106","8218084.53231728","9026971.22368887","7449462.19283096","8360433.81523646","16010657.8447256","16908919.1256975","19520541.8733596","18617923.7826756","36469165.3025467","35095808.9504622","36198691.9659176","34734035.3165746","10024208.8448494","10724707.7759656","9196594.72740817","9592813.84754934","9944633.59329033","10486408.7539471","26542082.5560627","25797848.5433241","8193509.65541571","8256012.15018028","11350633.8927849","11786413.7227994","15659300.0393356","16521770.2733615",1.18653493517659,0.0118246453459793
"sp|P13861|KAP2_HUMAN","10805789.9770244","8006421.72100654","8526533.44464233","7862322.46683605","15941325.2371781","20890463.579153","7788473.25831449","8236094.59904196","11731107.5927203","10645234.6514132","9404541.14088466","9654267.35559624","6590489.24295699","6231229.48358343","11522466.3379212","12312300.1891785","12565522.958284","12524291.5804957","9892311.36004872","10125189.94998","10316554.2660151","10042870.2821953","9465506.07520901","8084925.41022098","13279061.4293593","12745942.0703012","9310806.42660876","9394772.44675687","17180048.6467831","16560848.0198359","7436541.85027168","7449230.7023943",-10.0538330925162,-0.102834771226348
"sp|P16157|ANK1_HUMAN","26877630.7809141","35044918.9569229","8008028.03246813","7970025.51432696","2904510.22147597","2505601.94873851","4356640.41186355","5025308.58893015","3362560.60743383","3985876.81797152","2585558.61446895","3102381.6105932","16158670.7729477","14431645.0623107","1376939.02537339","1561117.04385084","645757.447749242","699692.763085825","3556618.34659512","3399952.98554268","2878425.15256038","2996122.13727035","2472783.84792843","2476775.9333529","1976882.99974594","2000439.92795563","4065698.37067959","3810490.64608872","4527708.60209302","5029940.37921706","2257683.40088428","2010217.07053135",0.515091686908595,0.00517139595021328
"sp|Q9ULU8|CAPS1_HUMAN;sp|Q86UW7|CAPS2_HUMAN","12838649.9347168","12554997.6997307","42978337.4979944","44158249.471271","17373231.3913983","18846777.7660817","36739672.0268302","39534790.6370818","44822359.5463431","46327806.2800473","26791473.2989105","25000646.1000411","10016165.1464106","9920804.14284101","3604704.51626974","3762960.0552594","3418584.32947406","3167315.70178889","32248935.0337588","30175730.5746114","32729859.4434106","32196457.8664803","23886619.9054523","23180482.5087251","10802350.7663965","10399657.3735869","47373383.0985854","47899104.9747528","49727321.2570579","49590752.4288848","11242888.7961729","10984326.6255268",-1.52557936322747,-0.0161743047895844
"sp|P51659|DHB4_HUMAN","32213631.009478","37649608.8793969","11695177.6301513","12762811.1276722","26150303.8566045","30546763.7737847","18128127.6448175","17970359.3804917","12552947.2946118","12125747.4575039","20277108.2159562","22545225.5009299","21797938.4252515","21151724.0607913","10058750.7426257","8920625.60320101","10568353.7463713","10019433.2643965","13849235.9040682","13788909.9976701","13401202.2917902","14181773.1078544","15014446.7977128","14625780.6305051","14735460.8716397","15539054.9705402","12960642.5458394","12526363.2623425","13277896.2490248","13832302.637189","25370493.8621794","26381536.4042386",-0.131685869235913,-0.00123580877025162
"sp|O15075|DCLK1_HUMAN","2122445.57343199","2512434.91210468","29036303.081755","26871910.3489807","17773374.4650344","18404799.6108388","24815392.5093502","22985343.3936522","21569804.4233255","20508169.0220592","9817423.43487472","9486852.31474775","5193299.50905837","4377378.81425565","2742199.63957319","2513571.0160245","2696791.95980681","3310503.73734758","14442774.5856711","14321814.7318796","14432064.0065432","14820591.7163163","13844489.9043846","12786059.7964793","10551826.8071723","10933236.1457296","16238046.4080057","15942644.1520723","31109035.0992021","31430758.5816875","10997461.2567287","10475659.6812947",1.47248599091341,0.014777758232416
"sp|P08603|CFAH_HUMAN","21739260.1904453","14675052.4608822","18493359.7008796","18471072.6446902","2781030.21496464","3160186.83537457","2602467.37221237","2364771.09727221","2382865.02251571","2146079.51026128","6193234.40985088","5421539.42761715","48476012.3188429","47040552.9893639","6707672.1629694","6103835.77776888","4993382.28966001","5117633.95569176","3005959.93035539","3236014.50962275","2023548.20412673","2028192.31133447","1970417.73249049","2034223.87226274","3191655.95884924","3136024.47926531","2476995.28910526","2537206.38861774","4193639.27951556","3926314.92602963","3209223.51118677","3493719.24401701",2.39880295783091,0.0240801273515949
"sp|Q15029|U5S1_HUMAN","26482371.5047242","12279439.0994294","4313820.93836361","3743180.03069599","8039978.792967","9081884.89226522","3797857.17399596","3864174.33971009","4056215.95787728","3955825.62396985","9450416.951328","8259142.01519216","9996478.50099304","10601670.1952415","22933064.0706198","22323235.8570153","24881399.765079","24714602.0521781","6792720.46723345","6794535.36117078","4257979.28540683","4429992.11916254","4693600.25808812","4714629.26657579","15099778.0395558","15689919.5819047","3713128.48900206","3445456.96764684","5088674.6204546","5802699.90366442","8710027.22390653","9792074.03441598",-1.56074405654731,-0.0156744946292668
"sp|P25391|LAMA1_HUMAN","1482749.55822691","6629608.38837012","772896.101076976","1005322.72021354","1483418.66188246","1122478.05533861","961181.458553857","1346606.19883236","977793.663129729","929178.24992824","835493.501378871","781235.685828316","1090660.48569402","1122179.06256333","22821195.4653973","19791734.8835393","23383522.8561445","25299068.9926012","904944.073628896","836233.124380008","501607.280887515","580171.533032043","529266.538158334","502378.317734962","2640399.93281927","2632691.45174335","744961.437389008","914100.644046778","1272351.66426446","1125719.97314156","1236504.24927203","958245.474826752",-0.704793424655084,-0.00693521701726893
"sp|Q7Z406|MYH14_HUMAN","7137595.69720651","1103741.4070723","5037983.63984221","2163135.85296878","10763668.7714837","9410491.48755038","2459827.58724516","2284443.35931632","2574035.63215994","2141080.19701357","1456122.27111268","2030586.88282648","3710409.70427102","3866337.92179073","898303.005777739","761556.000881278","677463.241366949","773978.066601254","2287545.13530383","1743795.24967343","2443605.42755611","1824650.33181509","2765015.19813675","2574049.29133746","2540985.86162233","2657261.90201612","2533241.49680642","2646238.79103128","2680511.96542117","2737402.51919476","4257916.51789153","3654210.10425024",0.243246304805103,0.00252725716361215
"sp|Q9Y6V0|PCLO_HUMAN","1524755.06783952","4435684.21847428","4989864.79993583","4808952.77078946","2404529.714206","2280757.99468661","5259231.49115599","5096254.31151083","8969709.97717639","8378655.28210114","1743648.40522109","1448227.19152758","2020672.51958818","2013816.44663268","529197.779079787","692747.381200429","661040.738626004","642700.366152675","3826129.79209744","3370042.33110869","3793165.61310441","3964560.70301436","2862788.70630443","3079588.04479633","1888940.44215097","1703798.79980843","8491455.46106719","7065060.13688815","4663667.18736253","4741336.97719389","817161.618851575","1403773.90209281",2.84086746350918,0.0297356632051813
"sp|HBB_HUMAN|","25494223314.2494","27230849189.5009","7374299195.36634","7054549610.65426","1265050693.38086","1294167495.78758","3835106115.0814","3953479063.70818","1057073394.07929","985572439.33349","1766218702.06858","1646247901.67681","37305924469.0872","30956429484.8039","5682925145.30482","5523274851.22028","2454853822.97602","2446411622.05682","3356790988.17653","3357299825.51968","828555103.232795","908400061.232838","1569692165.21543","1462578063.05051","466187860.279563","506905094.184613","3031598572.50381","2861135245.14868","2945931354.09111","2770563163.86727","1565930003.93356","1585556985.91131",1.22575934290764,0.0119231739653972
"sp|P09471|GNAO_HUMAN","401188165.332762","374128188.864448","1958798223.76918","1868647873.9672","1070672627.1435","1085838094.02665","1724186362.66264","1771961017.98337","2478232848.6374","2375406627.73491","1165245585.26083","1372803334.95762","721175574.765784","629043460.349574","140954442.580395","149588693.887216","132312460.289216","136097301.841386","1734451925.12854","1671988603.58222","1675150286.47377","1686481126.33945","1442946835.10487","1425783646.36999","665253479.450034","650226474.980858","1839815349.89789","1992830519.00903","2451014886.6038","2328204339.38426","504982078.787877","479664298.258883",0.74618616052925,0.00761800649428372
"sp|Q9BUF5|TBB6_HUMAN","254942233.142494","260468992.2474","944832084.406312","990868036.916324","1108910935.25577","1029020984.45549","829865398.851647","727172681.90827","1196282770.14472","1082949356.99219","871640398.423457","982168239.644473","561757816.133348","540911276.762944","364691653.025467","390081286.367432","386951534.808084","411631716.612291","903497770.884449","872631502.268012","1036016023.32685","958227912.692867","1033461922.43998","947456229.523287","683969050.483155","659278351.662726","1080053545.48662","1181463807.69821","1689786224.70666","1604132789.83576","639724893.079835","708837240.760349",0.732734905290184,0.00765858171681953
"sp|P02675|FIBB_HUMAN","5909126179.03921","5256737843.53844","525994934.79449","484663713.709072","136383298.933755","144883629.406463","51645021.4236801","51236420.0011229","74041030.7864507","71409739.6163787","164235401.387157","162392589.623035","1897830459.90996","1575362781.61102","78867366.6818878","75024483.3957421","62994045.5590796","63873887.0605278","65882793.6579245","65680508.4913175","85174949.181474","83046419.1000485","74682248.3574548","74416707.7363436","76563699.6809501","79053056.3549813","99811844.8932459","99641525.9504517","77536913.239678","80555870.1426954","60088011.778846","59025356.7024125",-2.49353883972947,-0.0250426512453709
"sp|P62873|GBB1_HUMAN","29644445.7142435","34571338.9710186","301309256.185671","316646959.62326","149129401.637844","154037497.059595","335974632.350618","305914024.802789","400800621.199382","410163380.441183","118818349.04825","119980779.274751","71249977.8377624","68632937.9680883","16109079.1520452","15764346.9711912","16726292.1497688","16198083.777441","290833953.985432","290433080.144163","318278554.430016","295134197.109403","261290372.843314","276877985.520883","14461082.8588534","13799430.6003977","413399805.341429","370097096.387392","162379736.237502","166699430.699913","63972489.3079835","69684563.3303877",1.53839984765964,0.0154998383687286
"sp|P18669|PGAM1_HUMAN;sp|Q8N0Y7|PGAM4_HUMAN;sp|P15259|PGAM2_HUMAN","121344597.790304","104187596.89896","587639467.130755","549285542.203614","234846942.322845","289451608.204198","368202414.830294","428781133.125221","471170195.913777","476556733.390296","333517141.923081","309159775.433544","306906297.231153","257786636.990894","135361012.319268","119670955.109773","120662306.553059","133592443.525287","396351941.825952","410336645.341294","467753503.069214","422897918.801785","462132972.864668","418536489.740869","69417754.3773948","90971360.6527743","531833263.087892","530946988.278835","332301056.741477","363199876.943945","285266318.546036","290463380.612324",-0.983188421466509,-0.0101725768706245
"sp|P17174|AATC_HUMAN","22529778.7428251","22844080.3255612","141724812.660947","142168022.687994","194059413.669759","198859883.499067","115214322.36484","116180462.971551","145634424.191531","145327672.56639","108266912.646282","106029525.87071","60296784.8977107","54311458.1352609","25841647.8064058","26925964.8996989","23882815.1591226","24881592.6065847","116729274.048575","108579339.59518","125378556.056844","119842370.947455","120895545.643922","117742133.377651","65674640.1707706","61854490.659432","139289664.142067","144480212.628155","160965689.187538","153428665.965423","77568160.6599648","73015565.4016299",-3.81350226917611,-0.0374959284885501
"sp|P31930|QCR1_HUMAN","26087112.2285343","15076720.9384668","107157785.182667","107703047.490905","29065330.7163051","30599332.8795592","120048489.736792","127882092.335592","133243259.948344","122016228.642035","34911491.7473816","31139197.5978191","51078751.2352909","48582866.20213","29757048.9891945","33945126.6897913","28210015.1182668","30392280.9020028","91009264.5124482","86597019.3090393","118033666.339229","114093003.471297","81994478.9407565","88214613.9915371","24160100.7882109","26703036.2115109","119178322.260592","128110533.364866","63160768.2317134","65422541.9366977","62515810.2345569","63155799.2707529",-4.37092936989728,-0.0421322275952053
"sp|P30041|PRDX6_HUMAN","104546078.552232","114132776.602952","138268109.913119","146476144.587631","138613866.906971","152143593.407223","144219326.596548","143762875.043934","147011220.218552","141491612.173775","102761815.393081","97658773.8282856","186529622.345436","171857757.993929","142073128.632621","131177777.716482","120662306.553059","127747774.121056","125962097.98462","133892314.47013","124476552.056436","124952919.81515","136494970.888299","130620179.215832","101914791.353087","94441246.7141571","176532889.848502","169390594.115768","96862222.9225157","105933297.441984","165090294.988344","169214905.219106",0.15189512777814,0.00148769482380551
"sp|P12235|ADT1_HUMAN","4452701.80620096","6904672.54985501","38830294.2006009","36726739.1943985","56401504.4655949","52713651.6576893","39962450.2747977","39534790.6370818","33960968.6665125","35114706.6708639","22112140.6336898","27567676.7263846","15074196.2244277","14541810.291794","5128800.86234037","15419142.2929899","9320122.98892591","4298469.31731443","53616327.571464","49759979.5568095","59532264.0269909","58004729.6483416","47188261.3642404","26767938.1350754","10286721.4359643","11136286.2412751","32774038.6216628","31031218.0817121","31344709.6075294","35155885.5247023","7298027.69143082","7878454.55031533",-1.64531625570296,-0.0164670812531257
"sp|Q16623|STX1A_HUMAN","11288063.6144763","8738263.25523171","70286289.2058354","67314404.6818155","22092678.2077969","22669087.4152818","82180845.3231728","81326324.0800858","88573877.7383366","85573654.9121893","71107506.1871767","65849916.0670726","24509124.7965515","22583872.044074","4503888.47411311","4518592.06827434","4437590.72624621","4496933.46655999","78479003.4563865","81267971.9669446","68294588.6023922","60560004.0821892","58010362.6275269","53535876.2701508","30115055.2078404","28513411.5478845","57205594.6850842","63984094.1638972","82014728.8978965","79857408.8408801","13595671.3519813","13246108.3366578",0.40334220273117,0.00393642075586235
"sp|P48735|IDHP_HUMAN","38340149.7904216","111291296.687526","63949000.8348175","65698858.9694519","38875613.2474722","42928482.7871003","65825245.7147374","60514140.4254698","88726855.0746723","96786754.5213727","29727525.1672842","32980763.0471525","40667795.5694991","38007004.1717343","19241400.0982762","19561598.4314052","18973107.5131706","17951484.5987104","48208530.6946374","46629164.2433289","67134869.1732949","61582113.8557283","60642765.6375155","58503122.5220204","16552643.985428","16595107.2500915","85659419.1248006","88253922.9846858","44778156.5821849","44468702.8822394","23792424.8659673","24116454.9957938",1.29316017472116,0.0125172313164093
"sp|P28482|MK01_HUMAN","45257187.1237451","32913809.0203533","181476894.260968","181479635.022175","130647552.716915","119947231.316898","137773770.100613","145434536.381654","172864390.059275","169671901.981065","89916588.4689461","112168077.368488","86432621.5170421","84496731.0136818","64100710.792513","63517660.7890332","73895260.8407697","69468070.6331492","197846227.200974","217824810.108122","149474948.639198","154594103.247783","200842600.021354","190411106.32167","55466146.8799772","57177687.7071334","157166412.481156","151597464.481759","105346505.222298","93826634.8771857","67371407.1459788","60624237.6966088",2.19622872325595,0.0220059077722198
"sp|O75083|WDR1_HUMAN","102965041.447473","111291296.687526","67405703.5826454","67314404.6818155","144668265.691413","144567978.797735","73640482.9660587","72132186.7226249","68992778.6873745","62557292.556497","109184428.855149","104355375.462225","74828743.8478784","71717564.3936204","59737835.1888341","54312202.7036661","69568060.8816255","71555452.5632319","88371314.8164352","87929281.144563","62624849.1712502","66309371.5583464","80922018.4552056","81039702.7388365","125734609.031605","128536648.882527","59961593.3873604","65549889.57169","111945391.455462","115944576.101336","90678272.3208039","101528943.131464",1.85923523236681,0.0185791545098523
"sp|P40227|TCPZ_HUMAN","44269038.9332703","41201458.7736797","33990910.3536417","32849429.484726","52577673.6543682","43875434.6132863","27554754.0201226","28501825.8081287","33655013.9938412","32754054.1215621","44270157.0778229","43304690.5661427","31449761.9070793","30846264.2553206","24611093.1489579","30608148.1338457","31039338.1684765","33481606.1585251","36865347.0017816","36970265.9357822","36853306.3024229","38712407.6727918","38121095.4409463","41301732.7238792","51893174.2281995","53858666.2571151","33295443.7815529","31814115.7856085","38650619.3656754","37949730.7319634","54018515.6395686","52363352.559928",-0.0809915214491849,-0.000762067251887349
"sp|P30101|PDIA3_HUMAN","328065199.237628","345713389.710186","53578892.5913335","55467069.457816","132878120.69013","134151508.709688","55109508.0402453","50734921.5998069","49717634.3090836","51491733.7316449","127534753.032485","129467631.589499","140981691.307597","143214798.328274","86810037.6526878","81123099.3772978","94865537.565853","97689474.3278661","66608229.824328","66146800.1337508","54377955.4532255","53660763.1108006","59667801.559742","58503122.5220204","193961372.525074","191598056.432875","50948732.7664031","51742420.9756988","61746721.1817496","61231774.125806","142026209.65909","139902086.992174",2.25720142226379,0.0224151944476139
"sp|O43175|SERA_HUMAN","22925038.019015","31966649.0485446","62220649.4609035","59236676.1199976","89541371.496227","98482989.9233477","54948369.1278469","53493162.8070451","51094430.3361044","48245836.476355","58262279.2630416","59153314.433133","47825327.589731","37346012.7948346","48215368.8509129","46372495.1050369","72480599.3156648","70720499.7911988","41679605.1970053","44497545.306491","60949698.8847764","61965405.0208054","69417442.3374776","70461307.9431881","59889827.3059877","61552761.436703","61749268.2212693","60567813.2741674","47134901.6654577","45632805.0519315","74897582.3586827","82875331.532507",0.259589886117388,0.00268046738996384
"sp|Q96CW1|AP2M1_HUMAN","17034270.4653636","12877601.8684341","41480432.9739356","39042354.715453","18379340.1584535","19564623.672877","44957756.5591475","43379611.7138382","49411679.6364123","46917969.4173727","30048655.8403876","34096863.3194757","16700908.0472076","24346515.7158066","5946877.1616268","6921001.84910848","6476582.27749911","6874104.31801174","54869353.6770702","50426110.4745714","53604809.1671606","51872071.0071072","48553211.0731234","43785355.849814","15953979.5549211","13706443.5452157","41786899.2426201","39785437.8616446","55147834.9485856","54945622.4094685","16144859.7304778","16255290.1076621",1.10682952174035,0.0106779086819747
"sp|P00450|CERU_HUMAN","48616890.9713594","42385408.7384406","43208784.3478496","41034861.0940347","58632072.4388106","54923205.91879","11602001.6926832","13206124.5679893","23864464.4683601","23458984.7086864","45646431.3911231","44644010.8929306","217979384.252515","191687499.300921","22597458.2549522","22438304.0830824","20470984.4221051","21207800.4096393","17542365.4784864","17386016.953584","14174348.577855","14565064.2729316","12967022.2343884","12602087.7130767","27052507.2206024","25646983.9319596","21601070.9097323","21778790.6720273","27102568.4576382","27938452.0726111","22699915.5608974","23050534.3329963",-0.834700023220028,-0.0088533380528824
"sp|O43301|HS12A_HUMAN;sp|Q96MM6|HS12B_HUMAN","13967555.4969542","11347929.4212273","97363794.0638212","91009075.1298146","58950725.0064128","63130121.7457357","82986539.8851646","80574076.4781117","88726855.0746723","89262174.5204733","65602408.9339759","63059665.3862644","32208894.0910433","30405603.3373875","17339633.8094931","16224619.8754596","15394846.0084937","16114588.5002377","54539609.9650686","55155639.9906804","73320039.4618135","74869540.911736","68734967.4830361","64666187.3160068","33177603.1950784","28815140.7706134","84914554.6106719","78289770.3896406","77301238.7313507","74968179.7281732","38966165.2141607","37307223.1979131",-1.07648353217867,-0.0106120073123852
"sp|P61158|ARP3_HUMAN","130040301.866482","142547575.757214","58763946.7130755","56544099.932725","73608743.1161155","68811832.7028519","55754063.6898388","56920068.5493715","67921937.333025","64327781.9684733","65602408.9339759","63059665.3862644","85998831.6976341","81632435.0471163","73945148.0520962","72032709.5179978","82882522.2943768","84330229.9753374","66608229.824328","66080187.0419746","54377955.4532255","52894180.7806463","57132894.9575307","54915666.8956701","77244265.9003364","76790087.1845143","61078890.1585535","61493056.0151359","73059097.5814595","75666641.0299885","64458048.9991257","70484003.8274858",6.11885633783669,0.0615013956488629
"sp|Q14697|GANAB_HUMAN","53557631.9237333","51620218.4635757","12962635.3043549","12439701.9851995","23477410.8032929","24184385.8105093","15066488.3092483","14710619.7719374","11523715.5768751","11276914.1085665","42848006.9540794","44923035.9610114","40776243.0243511","37566343.2538012","46201733.9569073","42575243.644823","37862999.6425115","38658313.3451299","16091493.1456792","15853915.8427318","13401202.2917902","13798481.9427773","14819453.9821581","14441808.5471025","45938219.8085701","44052466.5184247","13184101.900078","12953398.3735587","22986383.9823636","25610247.7332269","28648021.7773892","28646617.8126833",-0.30622662676743,-0.00334027662855421
"sp|Q13228|SBP1_HUMAN","28853927.1618637","35755288.9357795","26616611.1582754","26117989.0165444","74883353.3865244","75124844.8774255","23123433.9291672","22233095.7916781","25547215.1680522","25081933.3363313","22341519.6859065","22601030.5145461","40342453.2049431","36574856.1884516","64883791.0290708","63632729.0151003","60913660.9633372","58446694.0423131","32776524.9729614","32440575.6950017","30410420.5852161","30918820.6495565","30321382.8187578","29527519.3861141","16508633.7450651","16293378.0273626","30613931.5306896","30960045.5631761","26395544.9326563","28404092.940488","21364626.4102563","23450254.5815454",2.05991165575985,0.0206837880347634
"sp|P45974|UBP5_HUMAN","40316446.1713712","47121208.5974842","38945517.6255285","36995996.8131258","39512918.3826767","43559784.0045576","29246712.6003056","30758568.614051","39774107.4472669","39245848.632142","27708989.5077773","26451576.4540614","25376704.4353675","22363541.5851074","38482800.1965523","34980740.7243951","38528722.713149","38324332.2363167","24994573.3697231","26845075.9858022","29637274.2991513","30918820.6495565","25349066.0221126","26032049.8014651","38622132.9501682","39073934.3433973","33891335.3928559","32241150.8968247","38179270.3490208","36319987.6943945","28648021.7773892","29312818.2269317",-1.33463144742383,-0.0130989584418332
"sp|P13010|XRCC5_HUMAN","33794668.1142376","38359978.8582535","13193082.1542101","13732138.5550904","29632272.1291213","33458964.5252399","16033321.7836386","15128535.1063675","20040031.0599691","20065546.6690651","27250231.4033439","32032077.8156777","28413233.1712234","26329489.8465058","41726989.7480059","42920448.3230243","45518814.9548435","45671916.6302075","18399699.1296906","18851504.9726601","18813226.2942439","18270212.2020107","17646849.8077015","17937278.1317515","44577087.3697976","42845549.627509","18100207.6933274","19216580.00473","19547356.8406318","17567039.4694505","27676902.3951048","28779857.895533",1.95033761890934,0.0203572827345919
"sp|P43034|LIS1_HUMAN","13443502.5725838","7875531.51787386","33530016.6539313","33872608.4358896","30868244.2716684","27769434.3375309","25218239.7903462","24824170.8651444","33196081.9848343","30983564.7095858","19864225.9219661","20703660.0515966","15724880.9535397","17406106.2583595","13759838.4423719","15994483.4233254","16143784.4629609","16365074.3318477","29413139.1105449","30841861.4923732","34276152.0155402","34240677.4135585","36561152.9165085","32195114.5954515","7320879.51971366","7578403.92972155","30762904.4335153","31600598.2300004","29223639.0325838","27239990.7707958","12988721.7380536","11514363.1298855",-0.864276866124642,-0.00913655205207381
"sp|Q14974|IMB1_HUMAN","23122667.65711","15923217.072874","19530370.525228","18740330.2634174","19386471.3031527","19621646.0216305","15791613.415041","14794202.8388234","20345985.7326404","19327842.7474083","13808618.9434453","17913409.3707884","29389260.2648914","26219324.6170225","46425471.1673524","43956062.3576281","46101322.6416514","49512699.3815595","15366056.9792757","17319403.8618079","15076352.5782639","17248102.4284716","18914303.1088071","19776998.9657773","30795621.4272266","25646983.9319596","21973503.1667967","19928305.1900903","16529087.31021","16826427.4017112","26098833.3988927","28513377.7298336",1.92769305694637,0.0203726702833911
"sp|Q7KZF4|SND1_HUMAN","67589336.2284753","33624178.9992098","13193082.1542101","11793483.7002541","30242188.400597","30092927.1270563","12729974.0794719","12621043.0997872","12798281.9762933","11659523.9922882","24910565.0707335","23159080.6507077","22448623.1543635","26439655.0759891","43740624.6420115","41309493.158085","49929230.2978173","46172888.2934273","17740211.7056874","14921332.5578652","13143486.8631019","14692827.994624","14916950.3899355","15637627.0892193","50021617.1248874","51143103.2525547","11470913.517582","10675877.7804055","13107042.5860254","13938075.1860906","42000913.2837994","36774262.8665143",0.189644926523142,0.00191750370944253
"sp|P11586|C1TC_HUMAN","27470519.695199","42858988.7243449","18666194.838271","17340190.6460357","39194265.8150745","40403277.9172708","20545211.3307932","18555440.8486938","20193008.3963047","19032761.1787455","19313716.1966461","19978194.8745864","46849300.496063","39328986.9255338","35574216.4607664","33830058.4637242","43355214.9752714","42165114.9876687","17806160.4480877","17719082.412465","16107214.293017","16353756.3766249","18329324.662143","17937278.1317515","35559584.9629302","39375663.5661262","18100207.6933274","19074234.9676579","23803125.3410562","23514863.827781","31439990.0014568","32777060.3810237",-0.961991051219304,-0.00930536626874182
"sp|Q96JE9|MAP6_HUMAN","9618065.21390902","8541893.22646416","53463669.1664059","53313008.5079979","15182500.7981693","16117037.5958692","38351061.150814","38949709.1688797","56907569.1168588","53852386.2809467","24038924.6723101","22824250.5690108","13881274.2210557","16414619.1930099","7786184.67988369","9131097.12563677","7874398.6023279","6929915.63392063","33172217.4273634","33639611.346973","45486773.1634801","46761522.1394119","38608577.479833","37162360.8473211","8772671.67671199","8895303.26459947","47969274.7098883","49393727.8640096","52084066.3403308","48892291.1270695","9351501.38583238","7117161.96404465",2.31903655023507,0.0229302553854957
"sp|O43491|E41L2_HUMAN","12907732.6039692","14032952.4964956","15267103.8029069","15078426.6487267","36645045.2742566","38509374.2648988","16677877.4332321","16131531.9089996","12751815.4270444","12985141.4629974","14955514.2045288","15457988.7716772","10575505.0506248","8900163.74545226","7589140.0178235","8063757.23574","8820830.68594773","9601956.87838","8705233.99684287","5710226.94023192","13658917.7204784","10015650.8281664","14136979.1277166","14993724.7973103","8995063.449541","8972170.83433973","9757725.13508598","10320015.1877254","14065557.6335083","13584992.5606829","9784574.73158751","9938980.76441529",0.798853335751287,0.00809991791518477
"sp|P18206|VINC_HUMAN","30830223.5428133","25336529.2458835","5522447.66631312","4352016.3821901","10262400.1583698","10175922.99884","5531523.06735593","5806309.78562642","5960613.72117258","4903522.74757419","8395273.31113119","5580501.36161632","15291091.1341317","17075610.5699096","11176587.9940463","12657504.8673798","13397676.796581","13359244.3525287","4334510.42958094","4013508.16237922","4181690.77397406","3689779.19011232","4262083.19689039","3890132.31700123","15417058.8141018","14730824.6177619","3836555.61826308","4167837.00073183","4508449.87045878","4663505.73939986","7485660.27230973","6562146.75481801",8.91082904278996,0.0835506607856989
"sp|P26232|CTNA2_HUMAN","2760382.84157833","3388372.51734967","13999646.1287033","14324505.3162903","9384200.56495352","9167985.33177996","19417238.9440045","22651011.1261082","23405532.4593532","22426199.2183668","10230305.7288648","9989097.43729322","5418860.64900054","4798466.74416894","1632192.13895327","1286015.91608368","1328966.87538715","1482481.52361567","14970364.5248737","14788106.3743129","14045490.8635108","14181773.1078544","12674533.0110563","12418115.6296741","7088634.81371376","7561702.64546662","19664423.1729977","20284167.7827705","10955579.9331861","12051876.1193912","8239971.35901837","8344436.00209532",-3.30538551808419,-0.0313194002120561
"sp|Q8IVF2|AHNK2_HUMAN","2895798.1735506","2616537.45167027","5005967.21250105","4510809.84902115","30715701.0622241","29424112.359344","4494446.82548504","4081789.72236842","2926382.95072891","2743601.7045325","4420262.27696975","4109786.5091335","1014249.20837149","628271.474419343","1004811.90088019","787305.965403729","1086839.58582815","1320152.22414652","1748552.68228176","1866890.79432491","2859910.77178867","2710439.9846158","2691302.28636441","2824326.77171637","30455338.3175335","30776380.7183515","3144472.29671361","3002434.00705339","3807901.12787074","3461035.49790725","9760155.47465216","9356652.26289064",1.10464218470394,0.0112070531396606
